GD_100_0.5, 979, 0.769577, 0.088, 1195725
GD_100_1, 1000, 0.426178, 0.041, 1221148
GD_100_10, 934, 0.28649, 0.023, 1140115
GD_25_0.5, 963, 1.29037, 0.224, 299124
GD_25_1, 952, 0.975634, 0.162, 295392
GD_25_10, 999, 0.538274, 0.081, 309986
GD_50_0.5, 942, 1.03982, 0.152, 577379
GD_50_1, 997, 0.730567, 0.102, 610398
GD_50_10, 953, 0.440681, 0.057, 583266
MINI_BATCH_10_100_0.5, 962, 0.36138, 0.051, 1297612
MINI_BATCH_10_100_1, 997, 0.411884, 0.049, 1344258
MINI_BATCH_10_100_10, 79, 0.500474, 0.067, 106281
MINI_BATCH_10_25_0.5, 428, 0.840565, 0.15, 145095
MINI_BATCH_10_25_1, 810, 0.641306, 0.091, 274668
MINI_BATCH_10_25_10, 21, 1.31211, 0.24, 7088
MINI_BATCH_10_50_0.5, 986, 0.406151, 0.06, 666690
MINI_BATCH_10_50_1, 988, 0.411477, 0.054, 667849
MINI_BATCH_10_50_10, 364, 1.15512, 0.174, 245648
MINI_BATCH_50_100_0.5, 825, 0.367179, 0.041, 1028303
MINI_BATCH_50_100_1, 794, 0.420391, 0.051, 989676
MINI_BATCH_50_100_10, 920, 0.247238, 0.024, 1145863
MINI_BATCH_50_25_0.5, 964, 0.684446, 0.111, 302192
MINI_BATCH_50_25_1, 984, 0.656606, 0.122, 308401
MINI_BATCH_50_25_10, 35, 1.10615, 0.169, 10964
MINI_BATCH_50_50_0.5, 945, 0.50873, 0.07, 590747
MINI_BATCH_50_50_1, 933, 0.456375, 0.052, 582515
MINI_BATCH_50_50_10, 338, 0.482317, 0.063, 211105
SGD_100_0.5, 360, 0.646608, 0.07, 892949
SGD_100_1, 950, 0.533079, 0.051, 2357378
SGD_100_10, 459, 2.54651, 0.153, 1139017
SGD_25_0.5, 561, 0.802409, 0.123, 349366
SGD_25_1, 248, 0.936852, 0.151, 154316
SGD_25_10, 857, 4.5451, 0.295, 533039
SGD_50_0.5, 79, 0.707264, 0.094, 97766
SGD_50_1, 69, 0.878354, 0.136, 85312
SGD_50_10, 966, 3.35968, 0.184, 1201315
