GD_100_0.5, 997, 0.75497, 0.09, 1217722
GD_100_1, 1000, 0.426178, 0.041, 1221148
GD_100_10, 944, 0.273173, 0.028, 1152308
GD_25_0.5, 1000, 1.27712, 0.227, 310631
GD_25_1, 1000, 0.967337, 0.168, 310279
GD_25_10, 997, 0.533007, 0.082, 309365
GD_50_0.5, 1000, 1.01709, 0.157, 612915
GD_50_1, 979, 0.722761, 0.104, 599379
GD_50_10, 962, 0.428929, 0.057, 588763
MINI_BATCH_10_100_0.5, 962, 0.36138, 0.051, 1297612
MINI_BATCH_10_100_1, 822, 0.369625, 0.058, 1108459
MINI_BATCH_10_100_10, 77, 0.495273, 0.072, 103587
MINI_BATCH_10_25_0.5, 430, 0.840392, 0.151, 145773
MINI_BATCH_10_25_1, 839, 0.631146, 0.099, 284503
MINI_BATCH_10_25_10, 39, 1.30576, 0.245, 13199
MINI_BATCH_10_50_0.5, 981, 0.390521, 0.065, 663311
MINI_BATCH_10_50_1, 991, 0.403925, 0.057, 669877
MINI_BATCH_10_50_10, 181, 1.05729, 0.175, 122136
MINI_BATCH_50_100_0.5, 831, 0.363125, 0.044, 1035778
MINI_BATCH_50_100_1, 799, 0.414511, 0.053, 995906
MINI_BATCH_50_100_10, 961, 0.226535, 0.028, 1196899
MINI_BATCH_50_25_0.5, 958, 0.680395, 0.113, 300312
MINI_BATCH_50_25_1, 980, 0.654994, 0.123, 307147
MINI_BATCH_50_25_10, 251, 0.886587, 0.195, 78665
MINI_BATCH_50_50_0.5, 944, 0.507932, 0.071, 590122
MINI_BATCH_50_50_1, 908, 0.375243, 0.056, 566911
MINI_BATCH_50_50_10, 338, 0.482317, 0.063, 211105
SGD_100_0.5, 456, 0.533199, 0.072, 1131458
SGD_100_1, 279, 0.522582, 0.065, 691320
SGD_100_10, 461, 2.49178, 0.166, 1143981
SGD_25_0.5, 557, 0.791364, 0.126, 346873
SGD_25_1, 248, 0.936852, 0.151, 154316
SGD_25_10, 30, 3.90229, 0.303, 18364
SGD_50_0.5, 79, 0.707264, 0.094, 97766
SGD_50_1, 65, 0.839324, 0.138, 80331
SGD_50_10, 979, 3.29569, 0.199, 1217490
