epoch, cross_entropy, error, time
1, 35.7106, 0.901, 1222
2, 35.7106, 0.901, 2446
3, 9.21124, 0.889, 3669
4, 14.8721, 0.881, 4892
5, 13.9986, 0.922, 6116
6, 11.7889, 0.851, 7339
7, 10.5155, 0.798, 8563
8, 9.54997, 0.836, 9786
9, 8.90196, 0.786, 11010
10, 7.44363, 0.826, 12233
11, 5.86214, 0.784, 13456
12, 4.87472, 0.762, 14680
13, 4.02201, 0.668, 15903
14, 3.57311, 0.686, 17127
15, 3.43636, 0.613, 18351
16, 3.13038, 0.584, 19574
17, 2.97927, 0.532, 20797
18, 3.03749, 0.504, 22021
19, 3.29824, 0.512, 23244
20, 2.77838, 0.497, 24467
21, 3.28802, 0.504, 25691
22, 2.63578, 0.485, 26914
23, 2.98968, 0.464, 28138
24, 2.48994, 0.466, 29361
25, 2.77954, 0.448, 30585
26, 2.59615, 0.472, 31808
27, 2.60638, 0.414, 33032
28, 2.60324, 0.454, 34256
29, 2.2679, 0.382, 35479
30, 2.33603, 0.413, 36703
31, 2.49378, 0.395, 37926
32, 2.43012, 0.41, 39150
33, 2.52502, 0.396, 40373
34, 2.15398, 0.392, 41597
35, 2.10853, 0.358, 42820
36, 2.2219, 0.389, 44044
37, 2.09146, 0.36, 45267
38, 2.05006, 0.359, 46491
39, 2.07526, 0.364, 47714
40, 2.23318, 0.376, 48938
41, 2.04083, 0.357, 50161
42, 2.14318, 0.345, 51384
43, 1.89127, 0.332, 52608
44, 1.99698, 0.346, 53831
45, 2.07498, 0.354, 55054
46, 3.29877, 0.422, 56278
47, 1.84311, 0.326, 57501
48, 1.94761, 0.344, 58725
49, 2.15059, 0.344, 59948
50, 2.11455, 0.347, 61172
51, 2.4044, 0.363, 62395
52, 2.03221, 0.309, 63618
53, 2.53644, 0.389, 64841
54, 2.12573, 0.309, 66065
55, 1.7126, 0.3, 67288
56, 1.99883, 0.339, 68511
57, 2.06803, 0.33, 69735
58, 1.63146, 0.286, 70958
59, 1.66921, 0.294, 72181
60, 1.9434, 0.311, 73404
61, 1.78476, 0.289, 74628
62, 1.51883, 0.256, 75851
63, 1.56189, 0.253, 77075
64, 1.6435, 0.267, 78299
65, 1.47853, 0.235, 79522
66, 1.50397, 0.248, 80745
67, 1.54769, 0.248, 81968
68, 1.72431, 0.281, 83192
69, 1.98666, 0.306, 84415
70, 2.00627, 0.29, 85638
71, 2.0776, 0.288, 86862
72, 1.63902, 0.264, 88085
73, 2.07534, 0.29, 89308
74, 1.57983, 0.249, 90532
75, 1.83408, 0.273, 91755
76, 1.75298, 0.262, 92978
77, 2.21381, 0.311, 94201
78, 1.75775, 0.259, 95425
79, 2.26548, 0.35, 96648
80, 1.99225, 0.278, 97871
81, 1.92389, 0.29, 99094
82, 2.1329, 0.267, 100317
83, 1.73821, 0.267, 101541
84, 1.67749, 0.237, 102764
85, 1.90754, 0.261, 103987
86, 1.62638, 0.242, 105210
87, 1.71419, 0.248, 106434
88, 1.57964, 0.255, 107657
89, 1.78398, 0.253, 108880
90, 1.37487, 0.221, 110104
91, 1.57265, 0.247, 111327
92, 1.73316, 0.264, 112550
93, 1.83237, 0.244, 113773
94, 1.37407, 0.223, 114997
95, 1.31522, 0.2, 116220
96, 1.28224, 0.196, 117443
97, 1.24939, 0.195, 118666
98, 1.22328, 0.185, 119890
99, 1.2199, 0.184, 121113
100, 1.17096, 0.196, 122336
101, 1.14518, 0.179, 123559
102, 1.10496, 0.192, 124783
103, 1.12238, 0.183, 126006
104, 1.25461, 0.213, 127229
105, 1.09662, 0.172, 128452
106, 1.14885, 0.177, 129675
107, 1.06707, 0.153, 130899
108, 1.08797, 0.169, 132122
109, 1.06583, 0.155, 133345
110, 1.04165, 0.157, 134568
111, 1.10219, 0.173, 135791
112, 1.34083, 0.182, 137014
113, 1.25411, 0.17, 138238
114, 1.37036, 0.193, 139461
115, 1.284, 0.194, 140684
116, 1.27765, 0.191, 141908
117, 1.29348, 0.193, 143131
118, 1.34381, 0.205, 144354
119, 1.21343, 0.192, 145577
120, 1.25454, 0.2, 146800
121, 1.16398, 0.176, 148023
122, 1.23408, 0.195, 149247
123, 1.13669, 0.171, 150470
124, 1.189, 0.191, 151693
125, 1.12957, 0.177, 152916
126, 1.32826, 0.201, 154139
127, 1.17962, 0.179, 155363
128, 1.25765, 0.206, 156586
129, 1.08807, 0.181, 157809
130, 1.19657, 0.203, 159032
131, 1.09247, 0.178, 160256
132, 1.26624, 0.223, 161479
133, 1.18807, 0.197, 162702
134, 1.38486, 0.228, 163926
135, 1.25286, 0.203, 165149
136, 1.28465, 0.221, 166372
137, 1.19847, 0.181, 167596
138, 1.29682, 0.22, 168819
139, 1.2209, 0.191, 170042
140, 1.17887, 0.203, 171265
141, 1.06132, 0.172, 172488
142, 0.994912, 0.169, 173711
143, 0.971979, 0.149, 174934
144, 0.964134, 0.16, 176157
145, 0.945216, 0.149, 177381
146, 0.929648, 0.15, 178604
147, 0.922198, 0.15, 179827
148, 0.950819, 0.153, 181051
149, 0.993366, 0.162, 182274
150, 1.05027, 0.177, 183497
151, 0.988071, 0.162, 184720
152, 0.970904, 0.165, 185944
153, 0.953656, 0.161, 187167
154, 0.996017, 0.155, 188390
155, 0.944716, 0.155, 189613
156, 0.953163, 0.149, 190836
157, 1.34811, 0.202, 192060
158, 1.20237, 0.16, 193283
159, 1.14378, 0.174, 194506
160, 1.06794, 0.154, 195729
161, 1.21836, 0.175, 196952
162, 1.1019, 0.146, 198177
163, 1.02288, 0.158, 199400
164, 1.02187, 0.148, 200623
165, 0.992926, 0.149, 201847
166, 1.03661, 0.152, 203070
167, 1.03566, 0.16, 204293
168, 0.97691, 0.143, 205516
169, 1.01644, 0.16, 206739
170, 1.0678, 0.165, 207962
171, 0.997782, 0.159, 209186
172, 1.08596, 0.166, 210409
173, 1.04297, 0.166, 211636
174, 1.02639, 0.171, 212859
175, 1.02415, 0.157, 214082
176, 1.03167, 0.166, 215305
177, 1.01324, 0.159, 216529
178, 1.06483, 0.172, 217752
179, 1.13822, 0.178, 218975
180, 1.07982, 0.171, 220196
181, 1.03532, 0.168, 221416
182, 1.02397, 0.166, 222637
183, 1.03711, 0.172, 223858
184, 1.02236, 0.163, 225078
185, 1.01179, 0.167, 226299
186, 0.999512, 0.17, 227519
187, 0.994737, 0.167, 228740
188, 0.981024, 0.161, 229961
189, 0.939478, 0.146, 231181
190, 0.930203, 0.146, 232402
191, 0.882161, 0.139, 233622
192, 0.895831, 0.135, 234843
193, 0.879103, 0.134, 236063
194, 0.857892, 0.131, 237284
195, 0.914226, 0.143, 238505
196, 0.855886, 0.138, 239725
197, 0.887037, 0.145, 240946
198, 0.865163, 0.138, 242167
199, 0.853665, 0.14, 243387
200, 0.860886, 0.137, 244608
201, 0.854844, 0.137, 245829
202, 0.860377, 0.133, 247049
203, 0.836232, 0.125, 248270
204, 0.854401, 0.128, 249491
205, 0.82452, 0.129, 250711
206, 0.824518, 0.123, 251932
207, 0.826382, 0.128, 253152
208, 1.01203, 0.169, 254375
209, 0.954702, 0.14, 255595
210, 1.0561, 0.172, 256816
211, 0.884671, 0.139, 258037
212, 0.929183, 0.156, 259258
213, 0.889146, 0.137, 260479
214, 0.906305, 0.147, 261699
215, 0.906288, 0.124, 262920
216, 0.978272, 0.15, 264140
217, 0.861631, 0.119, 265361
218, 0.962047, 0.143, 266581
219, 0.913231, 0.143, 267802
220, 0.986281, 0.14, 269023
221, 0.934287, 0.138, 270243
222, 1.00499, 0.153, 271464
223, 0.905134, 0.126, 272684
224, 1.02997, 0.15, 273905
225, 0.949634, 0.131, 275125
226, 0.969334, 0.145, 276346
227, 0.950133, 0.13, 277567
228, 0.970815, 0.136, 278787
229, 0.95405, 0.128, 280008
230, 1.02576, 0.144, 281229
231, 0.907372, 0.119, 282449
232, 0.961146, 0.14, 283670
233, 0.905004, 0.12, 284891
234, 0.907435, 0.13, 286112
235, 0.843724, 0.121, 287333
236, 0.898952, 0.119, 288553
237, 0.883594, 0.126, 289774
238, 0.891003, 0.116, 290995
239, 0.881487, 0.118, 292215
240, 0.866045, 0.111, 293436
241, 0.861458, 0.116, 294656
242, 0.874712, 0.122, 295877
243, 0.878742, 0.113, 297097
244, 0.851153, 0.114, 298318
245, 0.84852, 0.112, 299538
246, 0.91133, 0.117, 300764
247, 0.867577, 0.106, 301984
248, 0.891887, 0.119, 303205
249, 0.878067, 0.111, 304425
250, 0.922536, 0.118, 305646
251, 0.872137, 0.114, 306867
252, 0.895146, 0.117, 308087
253, 0.840782, 0.108, 309308
254, 0.852044, 0.121, 310528
255, 0.802932, 0.104, 311749
256, 0.892538, 0.128, 312969
257, 0.829311, 0.109, 314190
258, 0.853016, 0.112, 315410
259, 0.799534, 0.105, 316631
260, 0.779835, 0.101, 317852
261, 0.754996, 0.098, 319073
262, 0.75473, 0.1, 320293
263, 0.802887, 0.104, 321514
264, 0.828361, 0.111, 322734
265, 0.769974, 0.096, 323955
266, 0.789958, 0.105, 325176
267, 0.733927, 0.085, 326396
268, 0.781446, 0.096, 327617
269, 0.738578, 0.095, 328838
270, 0.725123, 0.09, 330058
271, 0.773012, 0.092, 331279
272, 0.743159, 0.104, 332500
273, 0.728768, 0.097, 333721
274, 0.707412, 0.092, 334941
275, 0.708915, 0.096, 336162
276, 0.719914, 0.095, 337383
277, 0.678015, 0.087, 338603
278, 0.684451, 0.091, 339824
279, 0.701457, 0.095, 341045
280, 0.695898, 0.088, 342265
281, 0.692748, 0.089, 343486
282, 0.69121, 0.089, 344707
283, 0.695644, 0.093, 345927
284, 0.73493, 0.105, 347148
285, 0.720662, 0.1, 348368
286, 0.720694, 0.099, 349589
287, 0.715667, 0.099, 350810
288, 0.726049, 0.098, 352030
289, 0.721644, 0.1, 353251
290, 0.703294, 0.093, 354471
291, 0.702272, 0.091, 355692
292, 0.720187, 0.103, 356913
293, 0.695524, 0.097, 358133
294, 0.695817, 0.092, 359354
295, 0.692014, 0.091, 360574
296, 0.690963, 0.096, 361795
297, 0.706029, 0.093, 363016
298, 0.68685, 0.087, 364236
299, 0.67032, 0.087, 365457
300, 0.664561, 0.086, 366678
301, 0.756857, 0.099, 367898
302, 0.70245, 0.099, 369119
303, 0.699072, 0.094, 370340
304, 0.686402, 0.094, 371560
305, 0.673784, 0.094, 372781
306, 0.66998, 0.086, 374001
307, 0.65084, 0.085, 375222
308, 0.675123, 0.09, 376443
309, 0.791889, 0.108, 377664
310, 0.716871, 0.1, 378885
311, 0.697401, 0.096, 380106
312, 0.682845, 0.102, 381326
313, 0.69903, 0.097, 382547
314, 0.675402, 0.102, 383767
315, 0.714937, 0.108, 384988
316, 0.705139, 0.107, 386208
317, 0.696789, 0.108, 387429
318, 0.680173, 0.104, 388650
319, 0.692548, 0.107, 389870
320, 0.661588, 0.102, 391091
321, 0.700462, 0.11, 392312
322, 0.738469, 0.106, 393532
323, 0.696311, 0.096, 394753
324, 0.674874, 0.097, 395974
325, 0.667913, 0.094, 397194
326, 0.66231, 0.095, 398415
327, 0.636422, 0.091, 399635
328, 0.64556, 0.098, 400856
329, 0.664637, 0.093, 402077
330, 0.678928, 0.099, 403297
331, 0.788009, 0.114, 404518
332, 0.745614, 0.109, 405739
333, 0.74282, 0.104, 406960
334, 0.700579, 0.096, 408180
335, 0.688605, 0.097, 409401
336, 0.679968, 0.099, 410622
337, 0.654622, 0.096, 411842
338, 0.640795, 0.087, 413063
339, 0.641909, 0.093, 414283
340, 0.633192, 0.087, 415504
341, 0.617367, 0.087, 416724
342, 0.607428, 0.083, 417945
343, 0.609899, 0.091, 419166
344, 0.641372, 0.092, 420386
345, 0.637621, 0.092, 421606
346, 0.633816, 0.091, 422827
347, 0.659197, 0.096, 424048
348, 0.642012, 0.09, 425268
349, 0.628199, 0.09, 426489
350, 0.620576, 0.082, 427710
351, 0.610223, 0.091, 428931
352, 0.604139, 0.081, 430151
353, 0.605325, 0.088, 431372
354, 0.590682, 0.08, 432593
355, 0.583619, 0.082, 433814
356, 0.586371, 0.08, 435034
357, 0.576964, 0.081, 436255
358, 0.581735, 0.074, 437480
359, 0.61448, 0.094, 438701
360, 0.649156, 0.099, 439922
361, 0.699747, 0.109, 441143
362, 0.691867, 0.095, 442363
363, 0.747012, 0.114, 443584
364, 0.720075, 0.1, 444804
365, 0.798568, 0.119, 446025
366, 0.712273, 0.103, 447246
367, 0.767622, 0.108, 448467
368, 0.693439, 0.101, 449687
369, 0.721293, 0.113, 450908
370, 0.679939, 0.1, 452129
371, 0.68674, 0.104, 453349
372, 0.6604, 0.098, 454570
373, 0.657158, 0.101, 455791
374, 0.646477, 0.095, 457011
375, 0.633114, 0.093, 458232
376, 0.628104, 0.097, 459453
377, 0.644098, 0.098, 460674
378, 0.63903, 0.099, 461895
379, 0.622614, 0.098, 463115
380, 0.617571, 0.093, 464336
381, 0.61093, 0.093, 465557
382, 0.607123, 0.085, 466778
383, 0.592989, 0.089, 467998
384, 0.588493, 0.087, 469219
385, 0.652765, 0.099, 470440
386, 0.621118, 0.088, 471660
387, 0.620419, 0.086, 472881
388, 0.619283, 0.088, 474102
389, 0.626129, 0.089, 475322
390, 0.614589, 0.087, 476543
391, 0.746861, 0.107, 477763
392, 0.699262, 0.091, 478984
393, 0.665746, 0.096, 480205
394, 0.669516, 0.087, 481425
395, 0.670402, 0.095, 482646
396, 0.637928, 0.082, 483867
397, 0.63047, 0.084, 485087
398, 0.610376, 0.083, 486308
399, 0.607037, 0.079, 487528
400, 0.592676, 0.077, 488749
401, 0.590261, 0.077, 489969
402, 0.576659, 0.075, 491190
403, 0.578243, 0.076, 492411
404, 0.577888, 0.075, 493631
405, 0.577454, 0.072, 494852
406, 0.578747, 0.074, 496073
407, 0.570133, 0.074, 497294
408, 0.571286, 0.071, 498515
409, 0.572248, 0.072, 499735
410, 0.567928, 0.072, 500956
411, 0.569389, 0.074, 502176
412, 0.562535, 0.072, 503397
413, 0.59019, 0.083, 504617
414, 0.584293, 0.084, 505838
415, 0.597, 0.082, 507059
416, 0.581526, 0.08, 508279
417, 0.582397, 0.079, 509500
418, 0.613715, 0.089, 510720
419, 0.606065, 0.084, 511941
420, 0.621718, 0.091, 513162
421, 0.619786, 0.089, 514382
422, 0.608593, 0.088, 515603
423, 0.609399, 0.088, 516823
424, 0.605753, 0.089, 518044
425, 0.602551, 0.087, 519264
426, 0.602635, 0.088, 520485
427, 0.580921, 0.079, 521705
428, 0.581516, 0.081, 522926
429, 0.574898, 0.083, 524147
430, 0.567081, 0.081, 525368
431, 0.567739, 0.081, 526588
432, 0.574706, 0.084, 527809
433, 0.567035, 0.08, 529030
434, 0.56391, 0.083, 530250
435, 0.55051, 0.078, 531471
436, 0.54278, 0.075, 532692
437, 0.534963, 0.069, 533913
438, 0.522518, 0.07, 535133
439, 0.540239, 0.068, 536354
440, 0.534382, 0.07, 537575
441, 0.573202, 0.079, 538795
442, 0.551274, 0.084, 540016
443, 0.592452, 0.074, 541237
444, 0.583934, 0.079, 542457
445, 0.682993, 0.101, 543678
446, 0.633888, 0.082, 544898
447, 0.628995, 0.087, 546119
448, 0.649712, 0.094, 547339
449, 0.634484, 0.099, 548560
450, 0.610829, 0.09, 549781
451, 0.592583, 0.093, 551001
452, 0.601811, 0.085, 552222
453, 0.59736, 0.091, 553442
454, 0.580542, 0.085, 554663
455, 0.573063, 0.084, 555883
456, 0.565265, 0.084, 557105
457, 0.566086, 0.079, 558325
458, 0.546734, 0.076, 559546
459, 0.544742, 0.077, 560767
460, 0.532777, 0.074, 561987
461, 0.535932, 0.074, 563208
462, 0.52549, 0.072, 564429
463, 0.534739, 0.074, 565649
464, 0.528695, 0.075, 566870
465, 0.533002, 0.075, 568091
466, 0.529971, 0.077, 569311
467, 0.538857, 0.074, 570532
468, 0.540034, 0.077, 571753
469, 0.565033, 0.081, 572973
470, 0.574211, 0.081, 574194
471, 0.578404, 0.087, 575414
472, 0.577577, 0.091, 576635
473, 0.580515, 0.086, 577856
474, 0.569248, 0.081, 579076
475, 0.562597, 0.082, 580297
476, 0.577021, 0.087, 581517
477, 0.596631, 0.091, 582738
478, 0.596036, 0.094, 583959
479, 0.607267, 0.089, 585180
480, 0.640983, 0.1, 586400
481, 0.700102, 0.107, 587621
482, 0.786792, 0.121, 588842
483, 0.687704, 0.109, 590062
484, 0.722631, 0.11, 591283
485, 0.742885, 0.124, 592503
486, 0.738356, 0.124, 593724
487, 0.771753, 0.131, 594945
488, 0.937513, 0.145, 596166
489, 0.675038, 0.11, 597386
490, 0.669775, 0.105, 598607
491, 0.693522, 0.116, 599828
492, 0.713713, 0.111, 601048
493, 0.714167, 0.111, 602269
494, 0.716734, 0.108, 603490
495, 0.666306, 0.105, 604710
496, 0.734504, 0.112, 605931
497, 0.661831, 0.098, 607152
498, 0.748444, 0.117, 608372
499, 0.684486, 0.109, 609593
500, 0.876691, 0.138, 610814
501, 0.711566, 0.114, 612035
502, 0.791587, 0.126, 613255
503, 0.877127, 0.131, 614476
504, 0.980237, 0.146, 615697
505, 0.875678, 0.13, 616917
506, 0.781848, 0.126, 618139
507, 0.826231, 0.127, 619359
508, 0.889578, 0.136, 620580
509, 0.751074, 0.11, 621800
510, 0.762428, 0.12, 623021
511, 0.769076, 0.121, 624241
512, 0.788723, 0.125, 625462
513, 0.711609, 0.116, 626683
514, 0.895028, 0.135, 627903
515, 0.846243, 0.129, 629124
516, 0.75478, 0.121, 630344
517, 0.715209, 0.114, 631565
518, 0.712623, 0.113, 632786
519, 0.799404, 0.113, 634006
520, 0.746185, 0.123, 635226
521, 0.811241, 0.107, 636447
522, 0.767886, 0.121, 637667
523, 0.772675, 0.108, 638888
524, 0.760954, 0.118, 640109
525, 0.869104, 0.128, 641329
526, 0.707439, 0.111, 642550
527, 0.666889, 0.1, 643770
528, 0.609237, 0.092, 644991
529, 0.707936, 0.102, 646211
530, 0.595688, 0.089, 647432
531, 0.599859, 0.093, 648653
532, 0.563154, 0.089, 649873
533, 0.56466, 0.084, 651094
534, 0.539167, 0.082, 652314
535, 0.550088, 0.081, 653535
536, 0.515493, 0.076, 654755
537, 0.570638, 0.083, 655976
538, 0.538012, 0.067, 657196
539, 0.524164, 0.074, 658417
540, 0.536528, 0.074, 659637
541, 0.529881, 0.068, 660857
542, 0.519164, 0.071, 662078
543, 0.524112, 0.069, 663298
544, 0.529671, 0.071, 664519
545, 0.518241, 0.066, 665739
546, 0.524348, 0.07, 666960
547, 0.517015, 0.064, 668180
548, 0.519007, 0.069, 669401
549, 0.523124, 0.066, 670621
550, 0.524292, 0.07, 671842
551, 0.51642, 0.068, 673062
552, 0.552309, 0.075, 674283
553, 0.546329, 0.074, 675503
554, 0.549011, 0.075, 676724
555, 0.548793, 0.073, 677954
556, 0.630348, 0.081, 679175
557, 0.604429, 0.086, 680395
558, 0.57253, 0.076, 681616
559, 0.693977, 0.099, 682836
560, 0.630608, 0.087, 684057
561, 0.566374, 0.079, 685277
562, 0.584544, 0.08, 686498
563, 0.555749, 0.076, 687718
564, 0.564406, 0.083, 688939
565, 0.545651, 0.08, 690160
566, 0.525323, 0.075, 691380
567, 0.608347, 0.095, 692601
568, 0.581537, 0.082, 693821
569, 0.605223, 0.086, 695042
570, 0.566619, 0.076, 696263
571, 0.625675, 0.085, 697483
572, 0.537067, 0.066, 698704
573, 0.524775, 0.073, 699924
574, 0.485275, 0.066, 701145
575, 0.475893, 0.068, 702365
576, 0.474217, 0.064, 703586
577, 0.46791, 0.064, 704806
578, 0.465004, 0.063, 706027
579, 0.461546, 0.063, 707248
580, 0.456678, 0.064, 708468
581, 0.451579, 0.062, 709689
582, 0.446925, 0.064, 710910
583, 0.441124, 0.06, 712130
584, 0.449982, 0.06, 713351
585, 0.440026, 0.055, 714571
586, 0.431496, 0.056, 715792
587, 0.428394, 0.055, 717013
588, 0.426327, 0.057, 718233
589, 0.422776, 0.056, 719454
590, 0.42544, 0.055, 720674
591, 0.422797, 0.055, 721893
592, 0.420367, 0.053, 723112
593, 0.418787, 0.055, 724332
594, 0.414731, 0.055, 725550
595, 0.412523, 0.055, 726770
596, 0.413037, 0.054, 727989
597, 0.407158, 0.054, 729208
598, 0.426521, 0.06, 730427
599, 0.418278, 0.052, 731646
600, 0.412091, 0.05, 732865
601, 0.434696, 0.062, 734084
602, 0.45996, 0.062, 735303
603, 0.43532, 0.061, 736522
604, 0.431819, 0.062, 737752
605, 0.423518, 0.063, 738971
606, 0.425278, 0.06, 740190
607, 0.42564, 0.063, 741409
608, 0.41357, 0.061, 742628
609, 0.417836, 0.06, 743847
610, 0.420029, 0.058, 745066
611, 0.410559, 0.056, 746285
612, 0.409589, 0.058, 747503
613, 0.40799, 0.057, 748722
614, 0.415518, 0.058, 749942
615, 0.408977, 0.057, 751161
616, 0.410103, 0.057, 752380
617, 0.405936, 0.057, 753599
618, 0.405922, 0.056, 754818
619, 0.393457, 0.055, 756037
620, 0.391664, 0.057, 757256
621, 0.388364, 0.056, 758475
622, 0.386594, 0.055, 759693
623, 0.384019, 0.055, 760912
624, 0.385023, 0.055, 762132
625, 0.380679, 0.055, 763351
626, 0.377653, 0.054, 764570
627, 0.37929, 0.054, 765789
628, 0.376149, 0.052, 767008
629, 0.379971, 0.054, 768227
630, 0.375738, 0.055, 769446
631, 0.373965, 0.053, 770665
632, 0.369884, 0.054, 771885
633, 0.368717, 0.053, 773103
634, 0.367068, 0.053, 774322
635, 0.365706, 0.052, 775542
636, 0.368033, 0.052, 776761
637, 0.367667, 0.051, 777980
638, 0.364231, 0.049, 779199
639, 0.366577, 0.047, 780418
640, 0.372005, 0.048, 781637
641, 0.418226, 0.056, 782856
642, 0.401264, 0.05, 784075
643, 0.394475, 0.05, 785294
644, 0.39081, 0.049, 786513
645, 0.387305, 0.049, 787732
646, 0.387185, 0.049, 788951
647, 0.386436, 0.049, 790170
648, 0.374643, 0.046, 791389
649, 0.383052, 0.048, 792608
650, 0.382274, 0.05, 793826
651, 0.378803, 0.047, 795045
652, 0.377463, 0.05, 796264
653, 0.376943, 0.048, 797484
654, 0.369779, 0.056, 798703
655, 0.379456, 0.051, 799922
656, 0.378423, 0.052, 801141
657, 0.376778, 0.048, 802359
658, 0.377391, 0.05, 803578
659, 0.379561, 0.049, 804797
660, 0.369526, 0.05, 806016
661, 0.36759, 0.047, 807235
662, 0.370872, 0.048, 808454
663, 0.366078, 0.051, 809673
664, 0.561596, 0.082, 810892
665, 0.515745, 0.07, 812111
666, 0.514094, 0.073, 813330
667, 0.508785, 0.07, 814548
668, 0.506243, 0.074, 815767
669, 0.554284, 0.075, 816986
670, 0.568366, 0.077, 818205
671, 0.573052, 0.075, 819424
672, 0.807555, 0.101, 820643
673, 0.73213, 0.09, 821862
674, 0.665706, 0.091, 823081
675, 0.592352, 0.08, 824300
676, 0.554484, 0.082, 825519
677, 0.547644, 0.082, 826737
678, 0.545966, 0.083, 827956
679, 0.524776, 0.083, 829175
680, 0.512615, 0.079, 830394
681, 0.499643, 0.077, 831613
682, 0.477618, 0.07, 832832
683, 0.474325, 0.074, 834051
684, 0.46898, 0.069, 835270
685, 0.460995, 0.069, 836489
686, 0.454201, 0.069, 837708
687, 0.444444, 0.064, 838928
688, 0.493404, 0.084, 840147
689, 0.476511, 0.061, 841366
690, 0.454753, 0.066, 842585
691, 0.590641, 0.07, 843804
692, 0.579911, 0.076, 845023
693, 0.613469, 0.072, 846242
694, 0.587679, 0.071, 847461
695, 0.639394, 0.083, 848680
696, 0.576554, 0.074, 849899
697, 0.636601, 0.078, 851118
698, 0.546395, 0.072, 852338
699, 0.551771, 0.079, 853556
700, 0.496629, 0.065, 854775
701, 0.633986, 0.093, 855995
702, 0.501016, 0.064, 857215
703, 0.492055, 0.06, 858434
704, 0.492176, 0.073, 859653
705, 0.467021, 0.063, 860872
706, 0.45403, 0.061, 862092
707, 0.438295, 0.065, 863310
708, 0.428988, 0.057, 864530
709, 0.427632, 0.059, 865749
710, 0.42468, 0.059, 866968
711, 0.41779, 0.057, 868187
712, 0.460327, 0.062, 869407
713, 0.443259, 0.059, 870626
714, 0.441668, 0.058, 871845
715, 0.433694, 0.058, 873064
716, 0.431671, 0.055, 874284
717, 0.433514, 0.056, 875502
718, 0.420899, 0.058, 876722
719, 0.415433, 0.056, 877941
720, 0.411848, 0.057, 879160
721, 0.411059, 0.057, 880379
722, 0.402013, 0.056, 881598
723, 0.398028, 0.057, 882817
724, 0.391964, 0.053, 884036
725, 0.401015, 0.055, 885255
726, 0.399752, 0.055, 886474
727, 0.396709, 0.053, 887693
728, 0.394241, 0.054, 888912
729, 0.387999, 0.053, 890131
730, 0.387568, 0.053, 891350
731, 0.380991, 0.051, 892569
732, 0.437766, 0.065, 893788
733, 0.415237, 0.058, 895007
734, 0.407863, 0.058, 896227
735, 0.402796, 0.058, 897445
736, 0.406826, 0.058, 898665
737, 0.409629, 0.054, 899884
738, 0.413077, 0.057, 901103
739, 0.419506, 0.058, 902322
740, 0.409214, 0.059, 903541
741, 0.418019, 0.058, 904760
742, 0.406989, 0.057, 905979
743, 0.404927, 0.057, 907198
744, 0.437514, 0.066, 908417
745, 0.435615, 0.066, 909636
746, 0.44885, 0.065, 910855
747, 0.472109, 0.071, 912075
748, 0.497654, 0.072, 913293
749, 0.527849, 0.074, 914513
750, 0.520132, 0.07, 915731
751, 0.614285, 0.083, 916951
752, 0.546638, 0.076, 918175
753, 0.540851, 0.072, 919394
754, 0.502239, 0.07, 920613
755, 0.480229, 0.066, 921832
756, 0.477036, 0.068, 923051
757, 0.466795, 0.067, 924270
758, 0.452611, 0.069, 925489
759, 0.456559, 0.06, 926708
760, 0.442614, 0.065, 927927
761, 0.445293, 0.063, 929146
762, 0.437504, 0.064, 930366
763, 0.435805, 0.067, 931585
764, 0.428989, 0.064, 932805
765, 0.420707, 0.065, 934024
766, 0.416445, 0.065, 935243
767, 0.416404, 0.065, 936462
768, 0.421382, 0.065, 937681
769, 0.414189, 0.065, 938900
770, 0.429327, 0.067, 940120
771, 0.436462, 0.068, 941339
772, 0.427621, 0.067, 942558
773, 0.423616, 0.065, 943777
774, 0.454399, 0.073, 944996
775, 0.438265, 0.064, 946215
776, 0.449515, 0.072, 947434
777, 0.434331, 0.058, 948654
778, 0.412207, 0.067, 949873
779, 0.427106, 0.056, 951092
780, 0.424472, 0.065, 952311
781, 0.471239, 0.069, 953530
782, 0.455456, 0.068, 954749
783, 0.46943, 0.074, 955969
784, 0.482781, 0.075, 957187
785, 0.482125, 0.071, 958407
786, 0.630348, 0.096, 959626
787, 0.592855, 0.083, 960845
788, 0.737615, 0.102, 962064
789, 0.530055, 0.071, 963284
790, 0.588515, 0.084, 964503
791, 0.544864, 0.07, 965722
792, 0.59745, 0.084, 966941
793, 0.537163, 0.07, 968160
794, 0.604046, 0.086, 969379
795, 0.553581, 0.072, 970598
796, 0.578101, 0.074, 971817
797, 0.5272, 0.067, 973037
798, 0.519125, 0.072, 974256
799, 0.529462, 0.069, 975475
800, 0.565219, 0.075, 976695
801, 0.575285, 0.068, 977932
802, 0.796401, 0.107, 979151
803, 0.575375, 0.072, 980371
804, 0.70814, 0.097, 981590
805, 0.569988, 0.069, 982810
806, 0.690756, 0.089, 984029
807, 0.545461, 0.068, 985248
808, 0.603471, 0.081, 986467
809, 0.522263, 0.066, 987686
810, 0.545895, 0.08, 988906
811, 0.481975, 0.067, 990125
812, 0.489523, 0.065, 991345
813, 0.47076, 0.063, 992564
814, 0.462683, 0.061, 993783
815, 0.447662, 0.059, 995002
816, 0.452277, 0.059, 996222
817, 0.440127, 0.056, 997441
818, 0.473426, 0.061, 998660
819, 0.486708, 0.066, 999880
820, 0.558131, 0.068, 1001099
821, 0.515921, 0.067, 1002318
822, 0.544614, 0.072, 1003538
823, 0.495289, 0.067, 1004757
824, 0.497028, 0.068, 1005977
825, 0.460052, 0.065, 1007196
826, 0.482985, 0.068, 1008415
827, 0.465373, 0.065, 1009635
828, 0.465223, 0.065, 1010854
829, 0.448427, 0.064, 1012073
830, 0.443869, 0.057, 1013293
831, 0.43467, 0.057, 1014512
832, 0.421813, 0.054, 1015731
833, 0.421311, 0.059, 1016951
834, 0.411167, 0.053, 1018171
835, 0.39893, 0.051, 1019390
836, 0.390461, 0.053, 1020610
837, 0.379173, 0.049, 1021829
838, 0.376674, 0.05, 1023049
839, 0.379889, 0.054, 1024268
840, 0.37569, 0.049, 1025488
841, 0.375356, 0.055, 1026707
842, 0.379378, 0.051, 1027927
843, 0.371213, 0.054, 1029146
844, 0.369168, 0.047, 1030366
845, 0.364809, 0.052, 1031585
846, 0.356953, 0.047, 1032804
847, 0.360074, 0.049, 1034024
848, 0.359841, 0.049, 1035243
849, 0.355288, 0.047, 1036462
850, 0.354927, 0.048, 1037683
851, 0.354314, 0.047, 1038902
852, 0.34691, 0.046, 1040121
853, 0.34219, 0.039, 1041340
854, 0.339008, 0.038, 1042560
855, 0.33157, 0.04, 1043779
856, 0.336137, 0.036, 1044998
857, 0.333485, 0.038, 1046218
858, 0.332806, 0.034, 1047437
859, 0.328805, 0.035, 1048657
860, 0.321465, 0.033, 1049876
861, 0.32029, 0.033, 1051096
862, 0.316106, 0.032, 1052316
863, 0.325151, 0.033, 1053535
864, 0.315647, 0.033, 1054754
865, 0.314921, 0.031, 1055973
866, 0.313008, 0.03, 1057192
867, 0.30624, 0.028, 1058412
868, 0.301409, 0.028, 1059631
869, 0.300964, 0.027, 1060850
870, 0.297579, 0.028, 1062070
871, 0.302325, 0.03, 1063289
872, 0.298835, 0.03, 1064508
873, 0.3057, 0.029, 1065727
874, 0.306265, 0.031, 1066947
875, 0.307159, 0.033, 1068166
876, 0.307365, 0.034, 1069385
877, 0.305366, 0.034, 1070605
878, 0.30469, 0.034, 1071825
879, 0.299392, 0.033, 1073044
880, 0.299476, 0.033, 1074264
881, 0.291456, 0.029, 1075483
882, 0.294012, 0.03, 1076703
883, 0.317164, 0.033, 1077922
884, 0.314307, 0.035, 1079142
885, 0.310161, 0.035, 1080362
886, 0.306747, 0.037, 1081581
887, 0.30121, 0.036, 1082801
888, 0.304377, 0.041, 1084020
889, 0.301861, 0.038, 1085240
890, 0.297864, 0.038, 1086459
891, 0.400742, 0.051, 1087678
892, 0.378286, 0.05, 1088898
893, 0.383454, 0.05, 1090117
894, 0.371717, 0.05, 1091337
895, 0.381526, 0.049, 1092556
896, 0.355814, 0.045, 1093776
897, 0.374463, 0.044, 1094995
898, 0.343433, 0.045, 1096215
899, 0.344088, 0.041, 1097435
900, 0.3323, 0.043, 1098655
901, 0.342101, 0.04, 1099874
902, 0.333803, 0.043, 1101094
903, 0.335478, 0.039, 1102313
904, 0.398204, 0.047, 1103532
905, 0.384833, 0.048, 1104752
906, 0.394411, 0.05, 1105971
907, 0.37426, 0.049, 1107191
908, 0.443331, 0.054, 1108410
909, 0.401279, 0.049, 1109630
910, 0.438184, 0.052, 1110849
911, 0.397978, 0.048, 1112069
912, 0.418458, 0.05, 1113288
913, 0.374796, 0.05, 1114508
914, 0.377404, 0.038, 1115727
915, 0.357829, 0.048, 1116947
916, 0.347788, 0.038, 1118166
917, 0.327959, 0.043, 1119385
918, 0.324062, 0.036, 1120605
919, 0.316889, 0.038, 1121824
920, 0.308699, 0.034, 1123044
921, 0.309624, 0.036, 1124263
922, 0.30811, 0.035, 1125483
923, 0.303076, 0.034, 1126702
924, 0.30412, 0.034, 1127921
925, 0.2933, 0.032, 1129141
926, 0.307688, 0.035, 1130360
927, 0.309333, 0.033, 1131580
928, 0.307184, 0.036, 1132799
929, 0.298375, 0.031, 1134018
930, 0.290368, 0.029, 1135237
931, 0.287519, 0.03, 1136457
932, 0.283925, 0.029, 1137676
933, 0.2957, 0.032, 1138895
934, 0.28649, 0.023, 1140115
935, 0.30752, 0.03, 1141334
936, 0.298202, 0.03, 1142553
937, 0.297373, 0.03, 1143773
938, 0.298727, 0.03, 1144992
939, 0.289018, 0.028, 1146211
940, 0.311858, 0.032, 1147430
941, 0.305532, 0.032, 1148650
942, 0.281779, 0.03, 1149869
943, 0.278613, 0.03, 1151088
944, 0.273173, 0.028, 1152308
945, 0.514472, 0.066, 1153527
946, 0.423253, 0.047, 1154746
947, 0.414469, 0.06, 1155966
948, 0.401277, 0.047, 1157186
949, 0.426862, 0.059, 1158405
950, 0.434279, 0.046, 1159625
951, 0.46797, 0.061, 1160844
952, 0.58406, 0.076, 1162063
953, 0.815861, 0.119, 1163283
954, 1.2088, 0.141, 1164502
955, 1.00142, 0.116, 1165721
956, 0.503204, 0.054, 1166941
957, 0.553594, 0.073, 1168160
958, 0.539398, 0.058, 1169379
959, 0.65071, 0.088, 1170599
960, 0.56733, 0.059, 1171818
961, 0.630116, 0.083, 1173039
962, 0.55969, 0.075, 1174259
963, 0.582844, 0.083, 1175478
964, 0.59476, 0.076, 1176698
965, 0.643391, 0.09, 1177917
966, 0.692293, 0.087, 1179136
967, 0.63092, 0.085, 1180356
968, 0.660226, 0.08, 1181575
969, 0.564979, 0.071, 1182795
970, 0.642668, 0.064, 1184014
971, 0.624633, 0.075, 1185233
972, 0.671946, 0.07, 1186453
973, 0.577842, 0.063, 1187672
974, 0.644263, 0.075, 1188892
975, 0.488767, 0.063, 1190111
976, 0.490324, 0.059, 1191330
977, 0.425903, 0.057, 1192550
978, 0.512609, 0.068, 1193769
979, 0.494674, 0.057, 1194988
980, 0.518401, 0.059, 1196208
981, 0.593784, 0.068, 1197427
982, 0.754911, 0.09, 1198647
983, 0.768463, 0.087, 1199866
984, 0.963758, 0.109, 1201086
985, 0.641973, 0.085, 1202305
986, 0.555871, 0.067, 1203525
987, 0.469409, 0.065, 1204744
988, 0.428117, 0.056, 1205964
989, 0.396485, 0.048, 1207183
990, 0.376388, 0.052, 1208403
991, 0.408302, 0.052, 1209622
992, 0.377774, 0.053, 1210841
993, 0.378564, 0.051, 1212061
994, 0.373742, 0.052, 1213280
995, 0.36921, 0.054, 1214500
996, 0.367031, 0.054, 1215719
997, 0.362314, 0.053, 1216938
998, 0.361852, 0.055, 1218159
999, 0.399217, 0.058, 1219378
1000, 0.385462, 0.052, 1220597
