epoch, cross_entropy, error, time
1, 28.8609, 0.862, 1220
2, 28.8609, 0.862, 2442
3, 8.84049, 0.844, 3664
4, 8.97515, 0.803, 4885
5, 9.19062, 0.812, 6107
6, 8.94602, 0.794, 7329
7, 9.04163, 0.77, 8551
8, 8.71807, 0.745, 9772
9, 8.37487, 0.737, 10994
10, 8.22886, 0.731, 12215
11, 8.11615, 0.716, 13437
12, 7.6292, 0.714, 14658
13, 7.47882, 0.689, 15880
14, 7.32835, 0.672, 17102
15, 7.05812, 0.656, 18323
16, 6.78696, 0.64, 19545
17, 6.65279, 0.641, 20766
18, 6.54889, 0.621, 21988
19, 6.41839, 0.621, 23210
20, 6.07969, 0.613, 24431
21, 5.95023, 0.608, 25653
22, 5.98579, 0.591, 26874
23, 5.82223, 0.592, 28096
24, 5.60062, 0.568, 29318
25, 5.45919, 0.557, 30539
26, 5.39903, 0.558, 31761
27, 5.17902, 0.524, 32982
28, 5.118, 0.51, 34204
29, 5.1375, 0.513, 35425
30, 4.90421, 0.494, 36647
31, 4.84497, 0.476, 37868
32, 4.86041, 0.478, 39091
33, 4.79188, 0.483, 40312
34, 4.72612, 0.479, 41534
35, 4.57253, 0.471, 42755
36, 4.60237, 0.467, 43977
37, 4.48574, 0.472, 45198
38, 4.45082, 0.48, 46419
39, 4.4204, 0.472, 47640
40, 4.2814, 0.464, 48862
41, 4.24877, 0.47, 50083
42, 4.20805, 0.453, 51305
43, 4.19078, 0.447, 52526
44, 4.15829, 0.44, 53747
45, 4.16999, 0.443, 54969
46, 4.12537, 0.442, 56190
47, 4.16218, 0.439, 57411
48, 4.08768, 0.427, 58632
49, 4.06047, 0.436, 59853
50, 3.97286, 0.429, 61075
51, 3.92976, 0.437, 62296
52, 3.91149, 0.422, 63517
53, 3.88724, 0.423, 64738
54, 3.89962, 0.424, 65959
55, 3.89026, 0.42, 67181
56, 3.85634, 0.417, 68402
57, 3.76233, 0.41, 69623
58, 3.70251, 0.403, 70845
59, 3.66959, 0.395, 72066
60, 3.64256, 0.397, 73287
61, 3.63927, 0.393, 74508
62, 3.65765, 0.395, 75729
63, 3.5887, 0.392, 76951
64, 3.54794, 0.39, 78172
65, 3.58421, 0.383, 79393
66, 3.47417, 0.366, 80614
67, 3.40109, 0.367, 81836
68, 3.35574, 0.362, 83057
69, 3.39974, 0.37, 84278
70, 3.31123, 0.369, 85499
71, 3.24024, 0.355, 86720
72, 3.26773, 0.36, 87941
73, 3.23731, 0.348, 89163
74, 3.21476, 0.354, 90384
75, 3.21671, 0.355, 91605
76, 3.15832, 0.352, 92826
77, 3.11527, 0.342, 94047
78, 3.02456, 0.338, 95269
79, 3.02311, 0.344, 96490
80, 2.96579, 0.333, 97711
81, 2.98005, 0.323, 98936
82, 2.95943, 0.324, 100157
83, 2.91905, 0.313, 101379
84, 2.90331, 0.312, 102600
85, 2.88358, 0.327, 103821
86, 2.83078, 0.324, 105042
87, 2.82611, 0.33, 106263
88, 2.80469, 0.321, 107485
89, 2.80099, 0.322, 108706
90, 2.76944, 0.315, 109927
91, 2.73069, 0.309, 111148
92, 2.70164, 0.306, 112369
93, 2.66851, 0.298, 113590
94, 2.69429, 0.304, 114812
95, 2.71147, 0.305, 116033
96, 2.70176, 0.31, 117254
97, 2.67688, 0.311, 118475
98, 2.61772, 0.295, 119696
99, 2.59864, 0.292, 120917
100, 2.58227, 0.293, 122139
101, 2.66227, 0.303, 123360
102, 2.61427, 0.3, 124581
103, 2.52503, 0.29, 125802
104, 2.52059, 0.294, 127024
105, 2.48435, 0.293, 128245
106, 2.4538, 0.29, 129466
107, 2.44857, 0.293, 130687
108, 2.4581, 0.294, 131909
109, 2.44372, 0.293, 133130
110, 2.43633, 0.294, 134351
111, 2.42524, 0.29, 135572
112, 2.39306, 0.286, 136793
113, 2.38892, 0.279, 138015
114, 2.3762, 0.277, 139236
115, 2.3649, 0.279, 140457
116, 2.34202, 0.278, 141678
117, 2.30802, 0.271, 142899
118, 2.31493, 0.277, 144121
119, 2.29192, 0.275, 145342
120, 2.28799, 0.269, 146563
121, 2.28144, 0.273, 147784
122, 2.26921, 0.268, 149006
123, 2.25748, 0.267, 150227
124, 2.27585, 0.269, 151448
125, 2.25687, 0.267, 152669
126, 2.24712, 0.276, 153890
127, 2.25858, 0.26, 155112
128, 2.26163, 0.26, 156333
129, 2.26276, 0.267, 157554
130, 2.23765, 0.268, 158776
131, 2.27858, 0.276, 159997
132, 2.29046, 0.274, 161219
133, 2.2335, 0.273, 162440
134, 2.17401, 0.264, 163661
135, 2.16398, 0.258, 164882
136, 2.1667, 0.265, 166103
137, 2.15369, 0.258, 167324
138, 2.1363, 0.257, 168546
139, 2.12564, 0.26, 169767
140, 2.1126, 0.262, 170988
141, 2.10052, 0.264, 172210
142, 2.08069, 0.257, 173431
143, 2.09757, 0.261, 174652
144, 2.0829, 0.253, 175873
145, 2.09786, 0.256, 177094
146, 2.09201, 0.253, 178315
147, 2.05537, 0.245, 179536
148, 2.04781, 0.244, 180757
149, 2.09305, 0.244, 181978
150, 2.05455, 0.246, 183198
151, 2.08051, 0.253, 184419
152, 2.05862, 0.248, 185640
153, 2.04379, 0.239, 186861
154, 2.00866, 0.243, 188082
155, 2.01425, 0.241, 189303
156, 2.00692, 0.241, 190523
157, 2.06552, 0.258, 191744
158, 2.05844, 0.257, 192965
159, 2.06124, 0.25, 194186
160, 2.0574, 0.248, 195407
161, 2.0417, 0.247, 196628
162, 2.02482, 0.249, 197849
163, 2.01807, 0.25, 199070
164, 1.98389, 0.246, 200290
165, 1.98705, 0.242, 201511
166, 1.9711, 0.243, 202732
167, 1.96999, 0.242, 203953
168, 1.96293, 0.241, 205174
169, 1.9816, 0.242, 206395
170, 1.96853, 0.235, 207616
171, 1.9349, 0.231, 208837
172, 1.92271, 0.235, 210058
173, 1.91591, 0.233, 211279
174, 1.93744, 0.242, 212500
175, 1.90934, 0.238, 213721
176, 1.8915, 0.238, 214942
177, 1.87449, 0.235, 216163
178, 1.8696, 0.231, 217384
179, 1.86418, 0.228, 218606
180, 1.92865, 0.236, 219827
181, 1.88828, 0.227, 221048
182, 1.92009, 0.239, 222269
183, 1.88901, 0.229, 223489
184, 1.89927, 0.232, 224710
185, 1.86445, 0.23, 225931
186, 1.84861, 0.23, 227152
187, 1.87079, 0.224, 228373
188, 1.85125, 0.217, 229594
189, 1.8185, 0.218, 230815
190, 1.81429, 0.217, 232036
191, 1.79206, 0.216, 233257
192, 1.77073, 0.211, 234478
193, 1.77153, 0.216, 235699
194, 1.75626, 0.211, 236920
195, 1.75329, 0.212, 238141
196, 1.74948, 0.205, 239363
197, 1.74564, 0.213, 240584
198, 1.7353, 0.207, 241805
199, 1.72745, 0.206, 243026
200, 1.73385, 0.211, 244246
201, 1.73416, 0.211, 245468
202, 1.73351, 0.211, 246689
203, 1.72746, 0.207, 247910
204, 1.71784, 0.21, 249130
205, 1.68806, 0.207, 250351
206, 1.67503, 0.203, 251572
207, 1.66398, 0.202, 252793
208, 1.65682, 0.205, 254014
209, 1.65404, 0.201, 255235
210, 1.6413, 0.206, 256456
211, 1.63879, 0.204, 257677
212, 1.63785, 0.208, 258898
213, 1.61914, 0.203, 260118
214, 1.6396, 0.209, 261339
215, 1.62801, 0.21, 262560
216, 1.67304, 0.213, 263782
217, 1.62598, 0.214, 265003
218, 1.62575, 0.217, 266224
219, 1.65248, 0.213, 267445
220, 1.6146, 0.21, 268666
221, 1.63218, 0.213, 269887
222, 1.63949, 0.211, 271108
223, 1.64351, 0.209, 272329
224, 1.63381, 0.208, 273550
225, 1.61971, 0.203, 274771
226, 1.59954, 0.199, 275992
227, 1.60289, 0.202, 277213
228, 1.5917, 0.202, 278436
229, 1.58358, 0.199, 279657
230, 1.57362, 0.202, 280878
231, 1.56021, 0.203, 282099
232, 1.56964, 0.204, 283320
233, 1.54685, 0.2, 284541
234, 1.57602, 0.207, 285762
235, 1.60904, 0.203, 286984
236, 1.61589, 0.205, 288205
237, 1.59866, 0.203, 289426
238, 1.61437, 0.201, 290647
239, 1.60161, 0.199, 291868
240, 1.61957, 0.207, 293090
241, 1.60791, 0.211, 294311
242, 1.62192, 0.205, 295532
243, 1.60442, 0.207, 296753
244, 1.59701, 0.21, 297974
245, 1.5916, 0.205, 299195
246, 1.57795, 0.202, 300416
247, 1.57309, 0.199, 301637
248, 1.56449, 0.199, 302858
249, 1.53937, 0.199, 304080
250, 1.56507, 0.198, 305301
251, 1.53517, 0.191, 306522
252, 1.52083, 0.19, 307743
253, 1.51304, 0.189, 308964
254, 1.50195, 0.191, 310186
255, 1.53887, 0.201, 311407
256, 1.52759, 0.198, 312627
257, 1.52315, 0.199, 313849
258, 1.51899, 0.199, 315070
259, 1.5118, 0.2, 316291
260, 1.49939, 0.199, 317512
261, 1.50465, 0.199, 318733
262, 1.49301, 0.196, 319954
263, 1.48125, 0.193, 321175
264, 1.47092, 0.192, 322396
265, 1.4659, 0.192, 323618
266, 1.46417, 0.191, 324838
267, 1.46103, 0.191, 326060
268, 1.46295, 0.188, 327281
269, 1.42994, 0.188, 328502
270, 1.43909, 0.188, 329723
271, 1.45505, 0.188, 330944
272, 1.43615, 0.193, 332164
273, 1.42502, 0.19, 333385
274, 1.42684, 0.189, 334606
275, 1.41745, 0.189, 335827
276, 1.41789, 0.187, 337048
277, 1.41568, 0.188, 338270
278, 1.40977, 0.186, 339491
279, 1.42146, 0.186, 340712
280, 1.41747, 0.183, 341933
281, 1.41374, 0.184, 343154
282, 1.36527, 0.173, 344375
283, 1.37009, 0.18, 345596
284, 1.35562, 0.179, 346816
285, 1.35886, 0.176, 348037
286, 1.35447, 0.174, 349258
287, 1.33709, 0.173, 350479
288, 1.32773, 0.171, 351700
289, 1.31949, 0.167, 352921
290, 1.31424, 0.165, 354142
291, 1.30233, 0.168, 355362
292, 1.30089, 0.166, 356583
293, 1.27906, 0.166, 357806
294, 1.31367, 0.173, 359027
295, 1.30134, 0.17, 360247
296, 1.30905, 0.171, 361468
297, 1.29746, 0.176, 362689
298, 1.2918, 0.169, 363910
299, 1.28971, 0.171, 365131
300, 1.29763, 0.169, 366352
301, 1.28521, 0.167, 367572
302, 1.27755, 0.167, 368793
303, 1.27288, 0.167, 370017
304, 1.27298, 0.166, 371238
305, 1.26532, 0.168, 372458
306, 1.25897, 0.168, 373679
307, 1.26475, 0.167, 374900
308, 1.25916, 0.167, 376121
309, 1.25549, 0.167, 377341
310, 1.25428, 0.161, 378562
311, 1.24519, 0.158, 379783
312, 1.2434, 0.157, 381004
313, 1.24561, 0.157, 382225
314, 1.23583, 0.153, 383445
315, 1.23571, 0.153, 384667
316, 1.23352, 0.154, 385887
317, 1.23427, 0.152, 387109
318, 1.22184, 0.148, 388330
319, 1.21909, 0.148, 389551
320, 1.21133, 0.145, 390772
321, 1.20472, 0.147, 391993
322, 1.20607, 0.146, 393214
323, 1.19934, 0.145, 394435
324, 1.19881, 0.143, 395656
325, 1.18034, 0.139, 396877
326, 1.17629, 0.139, 398098
327, 1.1762, 0.135, 399320
328, 1.17594, 0.137, 400542
329, 1.17027, 0.135, 401763
330, 1.16607, 0.133, 402984
331, 1.16602, 0.132, 404205
332, 1.16261, 0.131, 405426
333, 1.16361, 0.133, 406647
334, 1.15382, 0.135, 407868
335, 1.15688, 0.136, 409089
336, 1.15215, 0.136, 410310
337, 1.1412, 0.138, 411531
338, 1.14276, 0.138, 412753
339, 1.14441, 0.139, 413974
340, 1.14088, 0.141, 415195
341, 1.13541, 0.141, 416416
342, 1.13585, 0.14, 417637
343, 1.15379, 0.138, 418858
344, 1.14185, 0.138, 420079
345, 1.13723, 0.139, 421300
346, 1.13507, 0.14, 422521
347, 1.12898, 0.139, 423742
348, 1.11468, 0.133, 424963
349, 1.10845, 0.131, 426184
350, 1.10919, 0.131, 427405
351, 1.10863, 0.133, 428626
352, 1.1106, 0.134, 429847
353, 1.1048, 0.134, 431068
354, 1.10874, 0.134, 432289
355, 1.10734, 0.133, 433510
356, 1.10784, 0.132, 434731
357, 1.10833, 0.131, 435952
358, 1.10353, 0.133, 437173
359, 1.15986, 0.147, 438394
360, 1.13546, 0.143, 439614
361, 1.11942, 0.142, 440835
362, 1.12218, 0.14, 442056
363, 1.11725, 0.143, 443277
364, 1.11361, 0.142, 444498
365, 1.1097, 0.141, 445719
366, 1.13413, 0.15, 446940
367, 1.12373, 0.147, 448161
368, 1.10917, 0.141, 449382
369, 1.10575, 0.14, 450603
370, 1.10041, 0.136, 451824
371, 1.10903, 0.135, 453044
372, 1.14135, 0.14, 454266
373, 1.12767, 0.141, 455487
374, 1.12642, 0.143, 456708
375, 1.12252, 0.141, 457929
376, 1.12109, 0.142, 459152
377, 1.11693, 0.142, 460373
378, 1.12165, 0.145, 461594
379, 1.11832, 0.143, 462814
380, 1.13704, 0.144, 464035
381, 1.13072, 0.143, 465256
382, 1.13834, 0.142, 466477
383, 1.12903, 0.142, 467698
384, 1.12672, 0.141, 468919
385, 1.11726, 0.143, 470140
386, 1.11848, 0.142, 471362
387, 1.1077, 0.141, 472582
388, 1.11399, 0.144, 473803
389, 1.10151, 0.139, 475024
390, 1.08838, 0.142, 476245
391, 1.08795, 0.142, 477466
392, 1.08914, 0.143, 478687
393, 1.10482, 0.15, 479908
394, 1.10123, 0.148, 481129
395, 1.09121, 0.145, 482351
396, 1.08524, 0.142, 483572
397, 1.07126, 0.137, 484793
398, 1.06485, 0.135, 486014
399, 1.05373, 0.135, 487235
400, 1.05506, 0.136, 488456
401, 1.06312, 0.136, 489677
402, 1.0645, 0.138, 490898
403, 1.05844, 0.137, 492119
404, 1.0601, 0.138, 493340
405, 1.05956, 0.138, 494561
406, 1.05612, 0.136, 495782
407, 1.05356, 0.136, 497003
408, 1.04836, 0.132, 498224
409, 1.04546, 0.131, 499445
410, 1.04175, 0.129, 500666
411, 1.06114, 0.134, 501887
412, 1.04513, 0.133, 503108
413, 1.0399, 0.134, 504330
414, 1.0312, 0.131, 505550
415, 1.02453, 0.131, 506772
416, 1.0081, 0.127, 507993
417, 0.998215, 0.13, 509214
418, 1.00638, 0.133, 510435
419, 0.998896, 0.131, 511656
420, 1.00351, 0.134, 512877
421, 1.00221, 0.136, 514098
422, 1.00014, 0.134, 515319
423, 0.994077, 0.134, 516540
424, 0.984286, 0.132, 517761
425, 0.981426, 0.132, 518984
426, 1.01351, 0.136, 520205
427, 1.00042, 0.133, 521425
428, 0.987771, 0.13, 522647
429, 0.976838, 0.127, 523867
430, 0.982783, 0.124, 525088
431, 0.97911, 0.122, 526309
432, 0.967509, 0.121, 527530
433, 0.964725, 0.119, 528751
434, 0.969905, 0.119, 529973
435, 0.968357, 0.119, 531195
436, 0.964645, 0.119, 532417
437, 0.964876, 0.121, 533638
438, 0.964225, 0.123, 534861
439, 0.958274, 0.123, 536083
440, 0.958129, 0.124, 537305
441, 0.955794, 0.124, 538526
442, 0.946934, 0.122, 539748
443, 0.945156, 0.121, 540970
444, 0.943997, 0.122, 542192
445, 0.938502, 0.122, 543414
446, 0.93462, 0.122, 544636
447, 0.933199, 0.122, 545858
448, 0.932522, 0.123, 547080
449, 0.931467, 0.122, 548302
450, 0.929149, 0.122, 549524
451, 0.927491, 0.121, 550746
452, 0.925422, 0.12, 551968
453, 0.931762, 0.121, 553190
454, 0.925049, 0.119, 554412
455, 0.92442, 0.119, 555634
456, 0.920343, 0.118, 556856
457, 0.922763, 0.119, 558078
458, 0.920833, 0.118, 559300
459, 0.91685, 0.118, 560522
460, 0.917846, 0.117, 561744
461, 0.915161, 0.117, 562966
462, 0.913156, 0.116, 564188
463, 0.908367, 0.116, 565409
464, 0.905585, 0.117, 566631
465, 0.903514, 0.117, 567853
466, 0.903538, 0.113, 569075
467, 0.901268, 0.11, 570297
468, 0.898041, 0.109, 571519
469, 0.895667, 0.108, 572741
470, 0.896453, 0.109, 573963
471, 0.893432, 0.109, 575184
472, 0.891761, 0.11, 576406
473, 0.888548, 0.109, 577628
474, 0.881301, 0.107, 578851
475, 0.881131, 0.109, 580073
476, 0.881588, 0.106, 581295
477, 0.876571, 0.105, 582518
478, 0.874724, 0.107, 583739
479, 0.870009, 0.106, 584961
480, 0.867008, 0.106, 586183
481, 0.863434, 0.102, 587405
482, 0.85761, 0.104, 588627
483, 0.86206, 0.103, 589849
484, 0.868998, 0.104, 591071
485, 0.870031, 0.107, 592293
486, 0.870237, 0.105, 593515
487, 0.868388, 0.103, 594736
488, 0.865539, 0.101, 595959
489, 0.862976, 0.1, 597180
490, 0.859865, 0.099, 598402
491, 0.860494, 0.098, 599624
492, 0.860544, 0.101, 600846
493, 0.859524, 0.101, 602068
494, 0.855827, 0.101, 603290
495, 0.853713, 0.103, 604511
496, 0.848148, 0.102, 605733
497, 0.843906, 0.101, 606955
498, 0.855822, 0.103, 608177
499, 0.850329, 0.101, 609399
500, 0.862025, 0.104, 610620
501, 0.85595, 0.104, 611842
502, 0.851547, 0.103, 613064
503, 0.848814, 0.103, 614286
504, 0.844804, 0.101, 615508
505, 0.839954, 0.1, 616730
506, 0.837291, 0.1, 617951
507, 0.835749, 0.1, 619173
508, 0.835048, 0.1, 620395
509, 0.833535, 0.1, 621617
510, 0.832078, 0.1, 622839
511, 0.830484, 0.1, 624061
512, 0.829878, 0.099, 625282
513, 0.829917, 0.1, 626504
514, 0.82626, 0.1, 627726
515, 0.823786, 0.101, 628948
516, 0.817128, 0.102, 630170
517, 0.820172, 0.102, 631392
518, 0.815056, 0.102, 632614
519, 0.812275, 0.102, 633835
520, 0.810319, 0.102, 635057
521, 0.808028, 0.102, 636279
522, 0.807059, 0.101, 637501
523, 0.80882, 0.102, 638724
524, 0.800585, 0.098, 639946
525, 0.799414, 0.099, 641167
526, 0.797214, 0.1, 642389
527, 0.79624, 0.099, 643611
528, 0.794676, 0.098, 644833
529, 0.792884, 0.097, 646055
530, 0.79201, 0.097, 647277
531, 0.790297, 0.097, 648499
532, 0.788875, 0.097, 649721
533, 0.787253, 0.097, 650943
534, 0.787752, 0.097, 652165
535, 0.790544, 0.096, 653387
536, 0.788763, 0.096, 654609
537, 0.78848, 0.095, 655831
538, 0.786676, 0.095, 657055
539, 0.78236, 0.092, 658292
540, 0.78186, 0.09, 659513
541, 0.773621, 0.086, 660736
542, 0.773581, 0.087, 661958
543, 0.768256, 0.088, 663180
544, 0.767417, 0.089, 664402
545, 0.763751, 0.088, 665623
546, 0.759553, 0.088, 666845
547, 0.757508, 0.086, 668067
548, 0.75532, 0.086, 669289
549, 0.749083, 0.084, 670511
550, 0.747902, 0.085, 671733
551, 0.747916, 0.084, 672955
552, 0.745817, 0.085, 674177
553, 0.744618, 0.085, 675399
554, 0.746882, 0.084, 676621
555, 0.745827, 0.084, 677842
556, 0.744831, 0.083, 679064
557, 0.743209, 0.083, 680286
558, 0.742133, 0.082, 681508
559, 0.740946, 0.082, 682730
560, 0.737713, 0.083, 683952
561, 0.736098, 0.083, 685174
562, 0.733199, 0.082, 686396
563, 0.731643, 0.082, 687618
564, 0.729079, 0.082, 688840
565, 0.724571, 0.084, 690062
566, 0.72379, 0.083, 691284
567, 0.727814, 0.083, 692506
568, 0.727332, 0.083, 693727
569, 0.727198, 0.082, 694950
570, 0.725645, 0.082, 696172
571, 0.726718, 0.085, 697393
572, 0.724852, 0.084, 698616
573, 0.723031, 0.079, 699838
574, 0.72015, 0.081, 701060
575, 0.720789, 0.083, 702282
576, 0.724244, 0.081, 703503
577, 0.723435, 0.082, 704725
578, 0.718798, 0.082, 705947
579, 0.717005, 0.081, 707169
580, 0.715116, 0.081, 708391
581, 0.713702, 0.08, 709614
582, 0.711738, 0.081, 710836
583, 0.710592, 0.08, 712058
584, 0.707821, 0.081, 713280
585, 0.704176, 0.081, 714502
586, 0.702426, 0.081, 715724
587, 0.707249, 0.082, 716946
588, 0.706371, 0.082, 718168
589, 0.704375, 0.081, 719389
590, 0.701529, 0.081, 720611
591, 0.703213, 0.081, 721833
592, 0.702073, 0.081, 723055
593, 0.69766, 0.081, 724277
594, 0.696656, 0.08, 725499
595, 0.69552, 0.08, 726721
596, 0.695003, 0.08, 727943
597, 0.693952, 0.08, 729165
598, 0.690488, 0.08, 730387
599, 0.690253, 0.08, 731609
600, 0.688225, 0.081, 732831
601, 0.687507, 0.081, 734053
602, 0.685216, 0.08, 735275
603, 0.693354, 0.081, 736497
604, 0.692945, 0.083, 737719
605, 0.692584, 0.083, 738941
606, 0.690778, 0.083, 740163
607, 0.686797, 0.083, 741385
608, 0.684255, 0.08, 742607
609, 0.682587, 0.08, 743829
610, 0.680578, 0.08, 745051
611, 0.678797, 0.08, 746273
612, 0.673734, 0.079, 747495
613, 0.739786, 0.087, 748717
614, 0.728901, 0.086, 749939
615, 0.72447, 0.085, 751161
616, 0.718783, 0.088, 752383
617, 0.716841, 0.086, 753605
618, 0.714089, 0.086, 754827
619, 0.718802, 0.087, 756049
620, 0.715682, 0.087, 757271
621, 0.714143, 0.087, 758494
622, 0.711861, 0.087, 759716
623, 0.712, 0.088, 760938
624, 0.710767, 0.088, 762160
625, 0.713617, 0.089, 763382
626, 0.70989, 0.089, 764603
627, 0.714361, 0.089, 765825
628, 0.714752, 0.088, 767047
629, 0.722223, 0.092, 768269
630, 0.717798, 0.091, 769491
631, 0.726009, 0.09, 770713
632, 0.720604, 0.086, 771935
633, 0.717506, 0.086, 773157
634, 0.714801, 0.087, 774379
635, 0.712905, 0.086, 775601
636, 0.70609, 0.085, 776823
637, 0.703481, 0.084, 778045
638, 0.698054, 0.084, 779266
639, 0.696796, 0.085, 780489
640, 0.695686, 0.085, 781710
641, 0.695002, 0.085, 782932
642, 0.693116, 0.084, 784154
643, 0.691159, 0.084, 785376
644, 0.691444, 0.084, 786598
645, 0.690308, 0.084, 787820
646, 0.69086, 0.084, 789042
647, 0.690154, 0.083, 790264
648, 0.698258, 0.084, 791486
649, 0.69363, 0.084, 792708
650, 0.687743, 0.084, 793930
651, 0.694847, 0.086, 795152
652, 0.689011, 0.086, 796374
653, 0.686806, 0.084, 797595
654, 0.687125, 0.083, 798817
655, 0.685825, 0.083, 800039
656, 0.684792, 0.083, 801261
657, 0.684039, 0.083, 802483
658, 0.680712, 0.082, 803705
659, 0.680249, 0.083, 804927
660, 0.684509, 0.082, 806149
661, 0.68311, 0.082, 807370
662, 0.682093, 0.082, 808592
663, 0.681108, 0.082, 809814
664, 0.679771, 0.082, 811036
665, 0.677928, 0.081, 812258
666, 0.680425, 0.083, 813480
667, 0.678291, 0.081, 814702
668, 0.675337, 0.08, 815924
669, 0.668755, 0.078, 817145
670, 0.671926, 0.078, 818368
671, 0.670503, 0.078, 819590
672, 0.670375, 0.078, 820812
673, 0.661975, 0.076, 822034
674, 0.661567, 0.076, 823256
675, 0.663584, 0.076, 824478
676, 0.664385, 0.076, 825699
677, 0.662887, 0.075, 826921
678, 0.660209, 0.076, 828143
679, 0.667414, 0.073, 829365
680, 0.67493, 0.074, 830587
681, 0.666428, 0.073, 831809
682, 0.663933, 0.075, 833031
683, 0.663831, 0.076, 834253
684, 0.660175, 0.076, 835475
685, 0.660449, 0.078, 836697
686, 0.657997, 0.078, 837918
687, 0.658732, 0.08, 839140
688, 0.655817, 0.079, 840362
689, 0.655643, 0.078, 841584
690, 0.653994, 0.078, 842806
691, 0.656624, 0.078, 844028
692, 0.655243, 0.078, 845250
693, 0.654152, 0.078, 846472
694, 0.653174, 0.077, 847694
695, 0.652104, 0.076, 848916
696, 0.651177, 0.076, 850138
697, 0.650222, 0.076, 851358
698, 0.649303, 0.076, 852579
699, 0.648369, 0.076, 853799
700, 0.648119, 0.076, 855019
701, 0.645772, 0.075, 856240
702, 0.64722, 0.075, 857460
703, 0.651688, 0.076, 858680
704, 0.650747, 0.077, 859901
705, 0.649853, 0.076, 861121
706, 0.649332, 0.076, 862341
707, 0.648464, 0.077, 863562
708, 0.647466, 0.077, 864782
709, 0.647414, 0.077, 866003
710, 0.648657, 0.077, 867223
711, 0.646087, 0.076, 868444
712, 0.646271, 0.077, 869664
713, 0.647391, 0.075, 870885
714, 0.645971, 0.075, 872105
715, 0.651983, 0.077, 873325
716, 0.649554, 0.076, 874546
717, 0.650569, 0.075, 875766
718, 0.649176, 0.075, 876986
719, 0.647518, 0.075, 878207
720, 0.644224, 0.076, 879428
721, 0.645204, 0.074, 880649
722, 0.641925, 0.073, 881869
723, 0.639337, 0.073, 883090
724, 0.638235, 0.072, 884310
725, 0.646985, 0.076, 885530
726, 0.644344, 0.075, 886751
727, 0.653167, 0.08, 887972
728, 0.645255, 0.079, 889192
729, 0.643784, 0.08, 890412
730, 0.642923, 0.08, 891633
731, 0.64073, 0.08, 892853
732, 0.639657, 0.08, 894074
733, 0.637007, 0.08, 895294
734, 0.636519, 0.081, 896515
735, 0.637625, 0.082, 897735
736, 0.636225, 0.082, 898956
737, 0.634412, 0.084, 900176
738, 0.632381, 0.084, 901397
739, 0.630676, 0.084, 902617
740, 0.628471, 0.084, 903838
741, 0.627889, 0.084, 905059
742, 0.627025, 0.084, 906279
743, 0.626318, 0.084, 907500
744, 0.625408, 0.083, 908720
745, 0.624588, 0.081, 909941
746, 0.623606, 0.081, 911161
747, 0.622977, 0.081, 912382
748, 0.619754, 0.08, 913602
749, 0.618876, 0.081, 914823
750, 0.616428, 0.081, 916043
751, 0.616284, 0.081, 917264
752, 0.613983, 0.081, 918484
753, 0.613577, 0.081, 919704
754, 0.612439, 0.08, 920925
755, 0.611193, 0.08, 922145
756, 0.608921, 0.08, 923365
757, 0.607077, 0.081, 924585
758, 0.617006, 0.079, 925806
759, 0.613025, 0.078, 927026
760, 0.611504, 0.077, 928246
761, 0.611453, 0.078, 929467
762, 0.609804, 0.075, 930687
763, 0.610105, 0.077, 931907
764, 0.608272, 0.077, 933128
765, 0.607287, 0.077, 934348
766, 0.606423, 0.077, 935568
767, 0.604606, 0.077, 936788
768, 0.603601, 0.077, 938009
769, 0.602308, 0.077, 939230
770, 0.602812, 0.076, 940450
771, 0.603862, 0.075, 941671
772, 0.601761, 0.075, 942891
773, 0.60087, 0.075, 944112
774, 0.599545, 0.075, 945332
775, 0.598776, 0.075, 946553
776, 0.597869, 0.075, 947773
777, 0.597298, 0.075, 948993
778, 0.600115, 0.075, 950214
779, 0.596665, 0.072, 951440
780, 0.594986, 0.072, 952661
781, 0.596559, 0.072, 953881
782, 0.595815, 0.073, 955102
783, 0.595066, 0.073, 956322
784, 0.59306, 0.073, 957542
785, 0.592328, 0.072, 958763
786, 0.589631, 0.072, 959983
787, 0.588786, 0.072, 961204
788, 0.586105, 0.072, 962424
789, 0.582424, 0.07, 963644
790, 0.58165, 0.071, 964865
791, 0.580671, 0.071, 966085
792, 0.582929, 0.073, 967306
793, 0.582883, 0.072, 968526
794, 0.580909, 0.073, 969746
795, 0.582168, 0.073, 970967
796, 0.581468, 0.073, 972187
797, 0.579762, 0.074, 973407
798, 0.573321, 0.071, 974628
799, 0.573941, 0.072, 975848
800, 0.57086, 0.071, 977068
801, 0.569894, 0.071, 978288
802, 0.568642, 0.069, 979509
803, 0.567041, 0.068, 980729
804, 0.566063, 0.068, 981949
805, 0.56525, 0.067, 983170
806, 0.564579, 0.067, 984390
807, 0.563891, 0.067, 985610
808, 0.562881, 0.067, 986830
809, 0.56407, 0.066, 988051
810, 0.56502, 0.066, 989271
811, 0.556124, 0.065, 990491
812, 0.557189, 0.067, 991712
813, 0.555007, 0.067, 992932
814, 0.557124, 0.068, 994153
815, 0.558207, 0.069, 995373
816, 0.558106, 0.069, 996593
817, 0.551676, 0.068, 997813
818, 0.550512, 0.069, 999039
819, 0.545749, 0.067, 1000260
820, 0.545602, 0.066, 1001480
821, 0.545803, 0.067, 1002700
822, 0.54516, 0.067, 1003921
823, 0.544194, 0.067, 1005141
824, 0.543764, 0.067, 1006361
825, 0.543022, 0.067, 1007581
826, 0.543339, 0.066, 1008802
827, 0.544543, 0.066, 1010022
828, 0.542469, 0.064, 1011242
829, 0.541176, 0.065, 1012463
830, 0.540741, 0.065, 1013683
831, 0.538559, 0.065, 1014903
832, 0.551447, 0.065, 1016123
833, 0.54675, 0.063, 1017343
834, 0.543846, 0.066, 1018564
835, 0.537924, 0.066, 1019784
836, 0.537232, 0.064, 1021004
837, 0.54007, 0.064, 1022225
838, 0.535979, 0.062, 1023445
839, 0.531248, 0.063, 1024665
840, 0.531263, 0.062, 1025886
841, 0.528957, 0.06, 1027106
842, 0.530438, 0.06, 1028326
843, 0.528661, 0.06, 1029546
844, 0.526505, 0.059, 1030767
845, 0.525781, 0.061, 1031987
846, 0.523464, 0.06, 1033207
847, 0.521575, 0.06, 1034427
848, 0.519865, 0.06, 1035648
849, 0.517428, 0.06, 1036868
850, 0.51598, 0.06, 1038088
851, 0.512174, 0.06, 1039309
852, 0.518799, 0.061, 1040529
853, 0.516145, 0.06, 1041749
854, 0.512456, 0.058, 1042969
855, 0.514151, 0.059, 1044189
856, 0.513998, 0.059, 1045409
857, 0.510578, 0.058, 1046630
858, 0.509969, 0.058, 1047850
859, 0.508255, 0.058, 1049070
860, 0.507632, 0.058, 1050290
861, 0.507276, 0.058, 1051510
862, 0.506199, 0.058, 1052731
863, 0.505631, 0.058, 1053951
864, 0.505075, 0.058, 1055171
865, 0.50461, 0.058, 1056391
866, 0.50347, 0.058, 1057612
867, 0.505737, 0.06, 1058833
868, 0.504594, 0.061, 1060053
869, 0.507373, 0.063, 1061274
870, 0.506611, 0.062, 1062494
871, 0.508426, 0.061, 1063715
872, 0.506411, 0.06, 1064935
873, 0.506604, 0.06, 1066155
874, 0.503875, 0.06, 1067376
875, 0.503268, 0.06, 1068596
876, 0.502912, 0.06, 1069816
877, 0.502344, 0.06, 1071037
878, 0.502084, 0.06, 1072258
879, 0.504641, 0.06, 1073478
880, 0.502846, 0.062, 1074698
881, 0.501381, 0.06, 1075919
882, 0.501038, 0.061, 1077139
883, 0.503388, 0.061, 1078359
884, 0.502646, 0.062, 1079580
885, 0.500846, 0.06, 1080800
886, 0.511118, 0.058, 1082020
887, 0.512997, 0.057, 1083241
888, 0.513628, 0.055, 1084461
889, 0.512195, 0.054, 1085681
890, 0.51074, 0.053, 1086902
891, 0.510005, 0.053, 1088122
892, 0.509933, 0.052, 1089342
893, 0.509646, 0.052, 1090562
894, 0.509019, 0.052, 1091783
895, 0.508146, 0.052, 1093003
896, 0.507422, 0.052, 1094223
897, 0.506841, 0.053, 1095444
898, 0.505527, 0.053, 1096664
899, 0.514678, 0.055, 1097884
900, 0.511876, 0.054, 1099105
901, 0.51109, 0.054, 1100325
902, 0.509874, 0.054, 1101545
903, 0.497476, 0.054, 1102765
904, 0.497206, 0.055, 1103986
905, 0.496504, 0.056, 1105206
906, 0.495774, 0.057, 1106426
907, 0.494504, 0.056, 1107647
908, 0.495163, 0.056, 1108867
909, 0.492507, 0.054, 1110087
910, 0.491897, 0.054, 1111308
911, 0.491242, 0.054, 1112528
912, 0.490701, 0.054, 1113749
913, 0.490147, 0.054, 1114969
914, 0.49067, 0.054, 1116189
915, 0.489541, 0.053, 1117410
916, 0.485586, 0.052, 1118631
917, 0.485018, 0.052, 1119852
918, 0.484469, 0.052, 1121073
919, 0.483865, 0.052, 1122293
920, 0.483237, 0.052, 1123513
921, 0.482863, 0.052, 1124734
922, 0.482291, 0.052, 1125954
923, 0.481249, 0.052, 1127175
924, 0.480692, 0.051, 1128395
925, 0.48046, 0.052, 1129615
926, 0.480081, 0.051, 1130836
927, 0.479088, 0.051, 1132056
928, 0.478539, 0.051, 1133276
929, 0.481129, 0.051, 1134497
930, 0.476654, 0.052, 1135717
931, 0.474545, 0.051, 1136938
932, 0.474132, 0.051, 1138158
933, 0.473264, 0.051, 1139379
934, 0.472524, 0.051, 1140599
935, 0.471931, 0.05, 1141820
936, 0.471364, 0.049, 1143040
937, 0.470414, 0.05, 1144261
938, 0.469591, 0.049, 1145481
939, 0.469967, 0.051, 1146702
940, 0.46778, 0.051, 1147922
941, 0.467178, 0.051, 1149143
942, 0.467054, 0.051, 1150363
943, 0.466576, 0.05, 1151584
944, 0.465933, 0.05, 1152804
945, 0.465454, 0.049, 1154025
946, 0.464862, 0.049, 1155245
947, 0.464431, 0.049, 1156465
948, 0.464572, 0.049, 1157686
949, 0.46687, 0.049, 1158906
950, 0.462836, 0.046, 1160127
951, 0.462413, 0.047, 1161347
952, 0.46032, 0.047, 1162567
953, 0.459495, 0.048, 1163788
954, 0.457635, 0.048, 1165008
955, 0.457311, 0.047, 1166229
956, 0.456536, 0.047, 1167449
957, 0.455732, 0.047, 1168670
958, 0.455277, 0.047, 1169890
959, 0.453146, 0.047, 1171111
960, 0.452087, 0.048, 1172331
961, 0.451651, 0.048, 1173552
962, 0.451152, 0.048, 1174772
963, 0.450407, 0.048, 1175993
964, 0.449825, 0.048, 1177214
965, 0.447691, 0.045, 1178435
966, 0.448269, 0.045, 1179655
967, 0.447655, 0.045, 1180876
968, 0.446919, 0.045, 1182096
969, 0.446423, 0.045, 1183317
970, 0.445462, 0.045, 1184537
971, 0.445049, 0.045, 1185757
972, 0.444616, 0.045, 1186978
973, 0.444228, 0.045, 1188198
974, 0.442013, 0.044, 1189418
975, 0.440824, 0.044, 1190639
976, 0.440463, 0.044, 1191859
977, 0.440024, 0.044, 1193079
978, 0.439412, 0.044, 1194300
979, 0.440051, 0.044, 1195520
980, 0.438522, 0.044, 1196741
981, 0.438118, 0.044, 1197961
982, 0.43771, 0.044, 1199181
983, 0.437256, 0.044, 1200402
984, 0.436863, 0.044, 1201622
985, 0.436296, 0.044, 1202843
986, 0.4382, 0.044, 1204063
987, 0.435716, 0.044, 1205284
988, 0.435185, 0.043, 1206504
989, 0.434811, 0.043, 1207725
990, 0.434577, 0.043, 1208945
991, 0.434229, 0.043, 1210166
992, 0.435851, 0.043, 1211386
993, 0.431851, 0.043, 1212606
994, 0.431078, 0.043, 1213827
995, 0.430848, 0.043, 1215047
996, 0.430486, 0.043, 1216267
997, 0.430111, 0.043, 1217487
998, 0.428733, 0.042, 1218707
999, 0.427638, 0.044, 1219928
1000, 0.426178, 0.041, 1221148
