epoch, cross_entropy, error, time
1, 25.0038, 0.903, 310
2, 25.0038, 0.903, 620
3, 9.57662, 0.891, 930
4, 10.0459, 0.867, 1240
5, 8.65113, 0.867, 1550
6, 7.56545, 0.868, 1861
7, 6.42383, 0.855, 2171
8, 4.40156, 0.861, 2481
9, 3.66878, 0.851, 2791
10, 3.29052, 0.761, 3101
11, 3.27554, 0.779, 3412
12, 3.17684, 0.731, 3721
13, 3.54614, 0.746, 4032
14, 3.48278, 0.722, 4342
15, 3.19229, 0.725, 4652
16, 3.15892, 0.715, 4962
17, 3.07015, 0.716, 5272
18, 3.06508, 0.701, 5582
19, 3.05755, 0.695, 5892
20, 3.0116, 0.688, 6203
21, 3.26118, 0.665, 6513
22, 2.92207, 0.624, 6823
23, 2.59454, 0.601, 7133
24, 2.69918, 0.604, 7444
25, 2.68769, 0.632, 7754
26, 2.51174, 0.565, 8064
27, 2.59482, 0.575, 8374
28, 2.43978, 0.554, 8684
29, 2.42167, 0.557, 8994
30, 2.34549, 0.523, 9305
31, 2.35487, 0.513, 9615
32, 2.43107, 0.565, 9925
33, 2.59608, 0.54, 10236
34, 2.2921, 0.509, 10546
35, 2.35475, 0.501, 10856
36, 2.35876, 0.519, 11167
37, 2.41881, 0.533, 11477
38, 2.13053, 0.472, 11787
39, 2.28229, 0.45, 12097
40, 2.06229, 0.432, 12407
41, 2.08223, 0.415, 12718
42, 1.96824, 0.402, 13028
43, 1.98733, 0.414, 13338
44, 1.90196, 0.398, 13648
45, 1.94786, 0.403, 13958
46, 2.19146, 0.426, 14268
47, 2.27433, 0.419, 14578
48, 1.82742, 0.361, 14889
49, 2.41494, 0.52, 15199
50, 2.19796, 0.459, 15509
51, 2.02531, 0.441, 15819
52, 2.10626, 0.447, 16129
53, 2.11922, 0.479, 16440
54, 2.16084, 0.455, 16750
55, 2.09971, 0.454, 17060
56, 2.21011, 0.473, 17370
57, 1.99148, 0.439, 17681
58, 2.02864, 0.434, 17991
59, 1.96604, 0.434, 18301
60, 1.94559, 0.424, 18611
61, 1.91127, 0.422, 18921
62, 1.93172, 0.427, 19232
63, 1.85447, 0.393, 19542
64, 2.10579, 0.396, 19852
65, 1.87496, 0.37, 20162
66, 1.99295, 0.37, 20472
67, 1.7723, 0.349, 20782
68, 2.76593, 0.518, 21093
69, 2.30285, 0.41, 21403
70, 2.6182, 0.409, 21713
71, 1.88456, 0.343, 22023
72, 1.78764, 0.343, 22333
73, 1.72481, 0.31, 22643
74, 1.66785, 0.313, 22954
75, 1.62093, 0.302, 23264
76, 1.58458, 0.297, 23574
77, 1.56473, 0.287, 23884
78, 1.54098, 0.296, 24194
79, 1.52336, 0.279, 24505
80, 1.49141, 0.278, 24815
81, 1.47647, 0.278, 25125
82, 1.47142, 0.265, 25435
83, 1.48059, 0.271, 25746
84, 1.50538, 0.272, 26056
85, 1.46244, 0.269, 26366
86, 1.45248, 0.271, 26676
87, 1.45892, 0.269, 26986
88, 1.54061, 0.304, 27297
89, 1.4956, 0.301, 27607
90, 1.47437, 0.289, 27917
91, 1.45584, 0.286, 28227
92, 1.49439, 0.293, 28537
93, 1.49715, 0.311, 28848
94, 1.54118, 0.293, 29158
95, 2.30043, 0.411, 29468
96, 2.08862, 0.363, 29778
97, 1.74403, 0.314, 30088
98, 2.50523, 0.353, 30399
99, 2.03925, 0.354, 30709
100, 2.62046, 0.438, 31019
101, 2.20112, 0.298, 31330
102, 2.06047, 0.323, 31643
103, 1.54281, 0.264, 31953
104, 1.81631, 0.312, 32263
105, 1.54429, 0.267, 32573
106, 1.7297, 0.305, 32884
107, 1.59457, 0.286, 33194
108, 1.72071, 0.306, 33504
109, 1.8077, 0.299, 33814
110, 2.07758, 0.354, 34124
111, 1.56896, 0.302, 34435
112, 1.62295, 0.306, 34745
113, 1.53134, 0.274, 35055
114, 1.52395, 0.288, 35366
115, 1.52067, 0.268, 35676
116, 1.64089, 0.298, 35986
117, 1.50649, 0.266, 36296
118, 1.57792, 0.279, 36606
119, 1.5173, 0.265, 36917
120, 1.64898, 0.289, 37227
121, 1.61997, 0.289, 37537
122, 1.59552, 0.273, 37847
123, 1.37187, 0.246, 38157
124, 1.38791, 0.253, 38467
125, 1.39583, 0.263, 38778
126, 1.40856, 0.249, 39088
127, 1.36729, 0.234, 39398
128, 1.35853, 0.244, 39708
129, 1.31995, 0.233, 40019
130, 1.31196, 0.237, 40329
131, 1.30561, 0.232, 40639
132, 1.29147, 0.228, 40949
133, 1.32637, 0.236, 41260
134, 1.3314, 0.242, 41570
135, 1.31159, 0.244, 41880
136, 1.30362, 0.236, 42190
137, 1.36242, 0.255, 42500
138, 1.39609, 0.255, 42811
139, 1.3794, 0.26, 43121
140, 1.40683, 0.264, 43431
141, 1.46457, 0.273, 43741
142, 1.43026, 0.256, 44051
143, 1.47259, 0.279, 44361
144, 1.46067, 0.258, 44671
145, 1.47937, 0.286, 44982
146, 1.41467, 0.256, 45292
147, 1.43152, 0.274, 45602
148, 1.35783, 0.251, 45912
149, 1.34702, 0.244, 46222
150, 1.40536, 0.246, 46532
151, 1.34693, 0.242, 46843
152, 1.30069, 0.232, 47155
153, 1.29758, 0.23, 47465
154, 1.27629, 0.22, 47775
155, 1.24884, 0.22, 48085
156, 1.23952, 0.215, 48395
157, 1.19886, 0.21, 48705
158, 1.19023, 0.205, 49016
159, 1.14022, 0.199, 49326
160, 1.1783, 0.212, 49636
161, 1.18925, 0.215, 49946
162, 1.17834, 0.209, 50256
163, 1.14577, 0.197, 50566
164, 1.14907, 0.196, 50877
165, 1.138, 0.189, 51187
166, 1.15884, 0.199, 51497
167, 1.1252, 0.195, 51807
168, 1.12637, 0.202, 52117
169, 1.14492, 0.209, 52427
170, 1.14436, 0.196, 52738
171, 1.20948, 0.224, 53048
172, 1.15869, 0.194, 53358
173, 1.13077, 0.19, 53668
174, 1.17907, 0.207, 53979
175, 1.14662, 0.207, 54289
176, 1.13277, 0.209, 54599
177, 1.11589, 0.2, 54910
178, 1.1178, 0.198, 55220
179, 1.13436, 0.208, 55530
180, 1.12536, 0.202, 55840
181, 1.1114, 0.203, 56150
182, 1.16317, 0.207, 56460
183, 1.14567, 0.209, 56771
184, 1.11405, 0.198, 57081
185, 1.12764, 0.204, 57392
186, 1.18528, 0.216, 57702
187, 1.15337, 0.216, 58012
188, 1.13687, 0.21, 58322
189, 1.14803, 0.213, 58632
190, 1.14203, 0.213, 58942
191, 1.14749, 0.21, 59253
192, 1.15225, 0.218, 59563
193, 1.13588, 0.204, 59873
194, 1.13845, 0.214, 60183
195, 1.12328, 0.204, 60493
196, 1.14265, 0.21, 60804
197, 1.11325, 0.193, 61114
198, 1.08229, 0.196, 61424
199, 1.07066, 0.184, 61734
200, 1.06292, 0.187, 62045
201, 1.1061, 0.19, 62355
202, 1.09185, 0.195, 62665
203, 1.05718, 0.185, 62975
204, 1.05299, 0.189, 63286
205, 1.0417, 0.179, 63596
206, 1.06585, 0.19, 63906
207, 1.01671, 0.171, 64216
208, 1.0022, 0.174, 64532
209, 1.01814, 0.184, 64843
210, 1.01912, 0.192, 65153
211, 1.00947, 0.179, 65463
212, 0.979746, 0.172, 65773
213, 0.981413, 0.168, 66083
214, 0.968238, 0.166, 66394
215, 0.980626, 0.169, 66704
216, 0.978919, 0.163, 67014
217, 1.12176, 0.203, 67325
218, 1.06627, 0.196, 67635
219, 1.0805, 0.209, 67945
220, 1.05506, 0.2, 68255
221, 1.04038, 0.197, 68565
222, 1.0577, 0.197, 68876
223, 1.05566, 0.199, 69186
224, 1.04418, 0.197, 69496
225, 1.03061, 0.202, 69806
226, 1.036, 0.188, 70117
227, 1.0443, 0.204, 70427
228, 1.04685, 0.194, 70737
229, 1.04867, 0.201, 71047
230, 1.01642, 0.188, 71358
231, 1.0932, 0.202, 71668
232, 1.07416, 0.192, 71978
233, 1.11801, 0.202, 72288
234, 1.04123, 0.177, 72598
235, 1.08679, 0.187, 72909
236, 1.01415, 0.171, 73219
237, 1.04627, 0.18, 73529
238, 0.999069, 0.17, 73840
239, 1.01722, 0.18, 74150
240, 0.984368, 0.168, 74460
241, 1.00004, 0.173, 74770
242, 0.98895, 0.171, 75081
243, 1.48103, 0.269, 75391
244, 1.59891, 0.255, 75701
245, 1.48997, 0.253, 76011
246, 1.66945, 0.257, 76321
247, 2.00961, 0.278, 76632
248, 1.72494, 0.283, 76942
249, 1.71009, 0.258, 77252
250, 2.11723, 0.325, 77562
251, 1.50007, 0.246, 77873
252, 1.4027, 0.234, 78183
253, 1.71256, 0.28, 78493
254, 2.00296, 0.314, 78804
255, 1.64557, 0.266, 79114
256, 1.44052, 0.243, 79424
257, 1.41118, 0.242, 79734
258, 1.60813, 0.294, 80045
259, 1.65924, 0.283, 80355
260, 1.76327, 0.289, 80665
261, 1.33044, 0.234, 80975
262, 1.3267, 0.22, 81286
263, 1.32485, 0.228, 81596
264, 1.25403, 0.205, 81906
265, 1.2258, 0.213, 82216
266, 1.16582, 0.203, 82526
267, 1.21395, 0.215, 82837
268, 1.13662, 0.199, 83147
269, 1.19697, 0.204, 83457
270, 1.08536, 0.19, 83767
271, 1.15659, 0.194, 84077
272, 1.1787, 0.19, 84387
273, 1.45386, 0.245, 84698
274, 1.23277, 0.199, 85008
275, 1.44396, 0.233, 85318
276, 1.2885, 0.198, 85629
277, 1.58199, 0.246, 85939
278, 1.23494, 0.198, 86249
279, 1.22264, 0.205, 86559
280, 1.16086, 0.199, 86870
281, 1.1879, 0.213, 87180
282, 1.10968, 0.194, 87490
283, 1.12561, 0.204, 87800
284, 1.07603, 0.187, 88111
285, 1.08407, 0.194, 88421
286, 1.0424, 0.19, 88731
287, 1.04758, 0.182, 89042
288, 1.0268, 0.178, 89352
289, 1.06393, 0.185, 89663
290, 1.03609, 0.186, 89973
291, 1.06315, 0.183, 90283
292, 1.01454, 0.169, 90593
293, 1.04301, 0.189, 90904
294, 0.995725, 0.172, 91214
295, 1.02, 0.185, 91524
296, 0.989552, 0.168, 91834
297, 1.01079, 0.184, 92144
298, 0.979225, 0.171, 92454
299, 0.979697, 0.177, 92765
300, 0.960006, 0.172, 93075
301, 0.992269, 0.185, 93386
302, 0.980086, 0.175, 93696
303, 0.949164, 0.178, 94006
304, 0.939682, 0.164, 94316
305, 0.931012, 0.171, 94626
306, 0.917605, 0.162, 94937
307, 0.921258, 0.173, 95247
308, 0.925422, 0.163, 95557
309, 0.92066, 0.173, 95867
310, 0.925202, 0.165, 96177
311, 0.951252, 0.179, 96487
312, 0.91907, 0.177, 96798
313, 0.922716, 0.177, 97108
314, 0.914223, 0.175, 97418
315, 0.911033, 0.174, 97729
316, 0.938399, 0.174, 98039
317, 0.927231, 0.176, 98351
318, 0.933806, 0.172, 98661
319, 0.928576, 0.18, 98972
320, 0.923987, 0.167, 99282
321, 0.91735, 0.176, 99592
322, 0.912199, 0.166, 99902
323, 0.915154, 0.17, 100212
324, 0.892898, 0.164, 100522
325, 0.885038, 0.162, 100833
326, 0.890311, 0.166, 101143
327, 0.889045, 0.163, 101453
328, 0.876762, 0.161, 101763
329, 0.885969, 0.162, 102073
330, 0.950262, 0.168, 102383
331, 0.942213, 0.172, 102694
332, 0.934624, 0.169, 103004
333, 0.931562, 0.169, 103314
334, 0.918678, 0.164, 103624
335, 1.20347, 0.23, 103935
336, 1.37803, 0.231, 104245
337, 1.14067, 0.205, 104555
338, 1.11188, 0.192, 104866
339, 1.14448, 0.217, 105176
340, 1.20995, 0.206, 105486
341, 1.0689, 0.195, 105796
342, 1.07855, 0.188, 106106
343, 1.05298, 0.194, 106416
344, 1.07558, 0.185, 106727
345, 1.02616, 0.18, 107037
346, 1.04754, 0.182, 107349
347, 0.98606, 0.178, 107659
348, 1.02338, 0.174, 107969
349, 0.974641, 0.173, 108279
350, 1.42295, 0.242, 108589
351, 1.54144, 0.232, 108900
352, 1.29566, 0.214, 109210
353, 1.09278, 0.181, 109520
354, 1.11505, 0.193, 109831
355, 1.10053, 0.182, 110141
356, 1.15488, 0.192, 110451
357, 1.05886, 0.172, 110761
358, 1.07788, 0.185, 111072
359, 1.0361, 0.168, 111382
360, 1.09425, 0.183, 111692
361, 1.00041, 0.161, 112002
362, 1.02634, 0.18, 112312
363, 1.00017, 0.173, 112623
364, 1.00984, 0.18, 112933
365, 0.998659, 0.177, 113243
366, 1.02645, 0.174, 113554
367, 0.986478, 0.167, 113864
368, 0.996253, 0.174, 114174
369, 0.967931, 0.168, 114484
370, 0.993285, 0.178, 114795
371, 0.959583, 0.167, 115105
372, 0.96283, 0.176, 115415
373, 0.933931, 0.164, 115726
374, 0.957032, 0.171, 116036
375, 0.940479, 0.158, 116346
376, 0.929217, 0.158, 116656
377, 0.906685, 0.159, 116967
378, 0.945287, 0.159, 117277
379, 0.908543, 0.156, 117587
380, 0.937356, 0.166, 117897
381, 0.941199, 0.159, 118207
382, 0.92307, 0.16, 118517
383, 0.891789, 0.156, 118828
384, 0.903349, 0.157, 119138
385, 0.881579, 0.148, 119448
386, 0.883877, 0.148, 119759
387, 0.876165, 0.147, 120069
388, 0.89514, 0.156, 120388
389, 0.898012, 0.152, 120703
390, 0.89857, 0.155, 121014
391, 0.948069, 0.16, 121324
392, 0.948562, 0.166, 121634
393, 0.981425, 0.18, 121944
394, 0.961473, 0.167, 122255
395, 0.944759, 0.166, 122565
396, 0.9291, 0.158, 122875
397, 0.912729, 0.155, 123185
398, 0.928149, 0.158, 123496
399, 0.918112, 0.16, 123806
400, 0.932457, 0.161, 124116
401, 0.968682, 0.162, 124426
402, 0.939383, 0.158, 124737
403, 0.934152, 0.154, 125047
404, 0.923165, 0.155, 125357
405, 0.913897, 0.159, 125667
406, 0.913564, 0.153, 125978
407, 0.899395, 0.16, 126288
408, 0.891185, 0.152, 126598
409, 0.888384, 0.155, 126908
410, 0.879551, 0.154, 127219
411, 0.89336, 0.153, 127529
412, 0.889424, 0.149, 127839
413, 0.882619, 0.152, 128150
414, 0.878624, 0.149, 128460
415, 0.876426, 0.151, 128770
416, 0.881115, 0.152, 129080
417, 0.867591, 0.154, 129391
418, 0.879113, 0.148, 129701
419, 0.876976, 0.148, 130011
420, 0.874156, 0.144, 130321
421, 0.87189, 0.143, 130632
422, 0.87021, 0.144, 130942
423, 0.879243, 0.148, 131252
424, 0.869038, 0.142, 131563
425, 0.854922, 0.147, 131873
426, 1.01342, 0.186, 132183
427, 0.980357, 0.184, 132493
428, 1.00267, 0.187, 132804
429, 0.991437, 0.184, 133114
430, 1.00001, 0.19, 133425
431, 0.98741, 0.182, 133735
432, 1.02809, 0.196, 134045
433, 1.01044, 0.193, 134355
434, 0.997065, 0.184, 134665
435, 0.997643, 0.182, 134976
436, 0.993713, 0.177, 135286
437, 0.989257, 0.183, 135596
438, 0.984052, 0.179, 135906
439, 0.987618, 0.182, 136217
440, 0.974736, 0.177, 136527
441, 0.982617, 0.173, 136837
442, 0.92173, 0.153, 137148
443, 0.913263, 0.162, 137458
444, 0.893149, 0.154, 137768
445, 0.885409, 0.146, 138078
446, 0.879529, 0.154, 138388
447, 0.878736, 0.149, 138699
448, 0.867635, 0.147, 139009
449, 0.887963, 0.144, 139319
450, 0.943441, 0.169, 139629
451, 0.924824, 0.17, 139940
452, 0.930361, 0.165, 140250
453, 0.910234, 0.158, 140560
454, 0.916091, 0.161, 140870
455, 0.926423, 0.162, 141181
456, 0.91974, 0.157, 141491
457, 0.910039, 0.155, 141801
458, 0.899505, 0.157, 142111
459, 0.900584, 0.153, 142421
460, 0.888363, 0.154, 142732
461, 0.893611, 0.152, 143042
462, 0.890989, 0.152, 143352
463, 0.885766, 0.153, 143662
464, 0.989851, 0.171, 143973
465, 0.976364, 0.182, 144283
466, 0.973466, 0.164, 144593
467, 0.96999, 0.179, 144904
468, 0.982983, 0.169, 145214
469, 0.992971, 0.183, 145524
470, 1.02173, 0.173, 145834
471, 1.06021, 0.198, 146144
472, 1.02397, 0.177, 146454
473, 1.08244, 0.202, 146765
474, 1.07029, 0.189, 147075
475, 1.10625, 0.203, 147386
476, 1.06205, 0.185, 147696
477, 1.15436, 0.208, 148006
478, 1.10965, 0.194, 148316
479, 1.14941, 0.217, 148626
480, 1.08366, 0.187, 148937
481, 1.11459, 0.209, 149247
482, 1.07026, 0.193, 149557
483, 1.08526, 0.208, 149868
484, 1.04227, 0.185, 150179
485, 1.07121, 0.201, 150489
486, 1.14931, 0.215, 150799
487, 1.2231, 0.236, 151110
488, 1.1249, 0.219, 151420
489, 1.17811, 0.227, 151730
490, 1.11498, 0.204, 152041
491, 1.14483, 0.224, 152351
492, 1.09096, 0.188, 152661
493, 1.09967, 0.214, 152971
494, 1.04688, 0.184, 153282
495, 1.04742, 0.192, 153592
496, 1.01617, 0.176, 153902
497, 0.999528, 0.189, 154213
498, 0.968593, 0.172, 154523
499, 0.957084, 0.179, 154833
500, 0.95007, 0.167, 155143
501, 0.945996, 0.173, 155454
502, 0.940405, 0.163, 155764
503, 0.941922, 0.172, 156074
504, 0.931372, 0.158, 156384
505, 0.93421, 0.171, 156695
506, 0.923036, 0.156, 157005
507, 0.926521, 0.171, 157315
508, 0.915049, 0.157, 157625
509, 0.93629, 0.178, 157936
510, 0.925665, 0.19, 158246
511, 0.956988, 0.179, 158556
512, 0.955133, 0.177, 158866
513, 0.980596, 0.182, 159177
514, 0.951859, 0.172, 159487
515, 0.977608, 0.186, 159798
516, 0.950419, 0.174, 160108
517, 0.942371, 0.172, 160418
518, 0.931579, 0.164, 160728
519, 0.960897, 0.175, 161038
520, 0.913547, 0.157, 161348
521, 0.91908, 0.163, 161659
522, 0.891541, 0.146, 161969
523, 0.914576, 0.146, 162279
524, 0.876343, 0.144, 162589
525, 0.879227, 0.147, 162900
526, 0.86357, 0.139, 163210
527, 0.873189, 0.149, 163520
528, 0.863538, 0.142, 163831
529, 0.867823, 0.145, 164141
530, 0.856792, 0.148, 164451
531, 0.847597, 0.144, 164761
532, 0.836718, 0.145, 165072
533, 0.839425, 0.144, 165382
534, 0.831298, 0.144, 165692
535, 0.845569, 0.14, 166002
536, 0.828003, 0.141, 166312
537, 0.843613, 0.142, 166623
538, 0.826698, 0.138, 166933
539, 0.843726, 0.142, 167244
540, 0.835654, 0.141, 167555
541, 0.841446, 0.146, 167865
542, 0.825729, 0.14, 168175
543, 0.837403, 0.146, 168485
544, 0.816582, 0.139, 168796
545, 0.821773, 0.14, 169106
546, 0.828658, 0.14, 169416
547, 0.81911, 0.14, 169726
548, 0.824623, 0.139, 170037
549, 0.817727, 0.139, 170347
550, 0.909695, 0.167, 170657
551, 0.900832, 0.162, 170967
552, 0.898702, 0.162, 171278
553, 0.883387, 0.157, 171588
554, 0.890607, 0.158, 171898
555, 0.884496, 0.159, 172208
556, 0.909492, 0.166, 172519
557, 0.894728, 0.16, 172829
558, 0.873613, 0.161, 173139
559, 0.867522, 0.154, 173449
560, 0.915364, 0.173, 173759
561, 0.882227, 0.155, 174070
562, 0.885669, 0.167, 174380
563, 0.862741, 0.151, 174690
564, 0.851704, 0.162, 175000
565, 0.85714, 0.144, 175311
566, 0.85383, 0.166, 175621
567, 0.853313, 0.149, 175931
568, 0.854851, 0.16, 176242
569, 0.846303, 0.149, 176552
570, 0.848832, 0.165, 176862
571, 0.840769, 0.147, 177172
572, 0.845386, 0.163, 177483
573, 0.842671, 0.144, 177793
574, 0.836996, 0.155, 178103
575, 0.867011, 0.15, 178413
576, 0.847915, 0.152, 178724
577, 0.826729, 0.14, 179034
578, 0.796908, 0.139, 179344
579, 0.809065, 0.131, 179654
580, 0.797194, 0.138, 179964
581, 0.803373, 0.138, 180274
582, 0.796533, 0.14, 180584
583, 0.796123, 0.141, 180895
584, 0.789127, 0.139, 181209
585, 0.789331, 0.138, 181519
586, 0.775419, 0.134, 181829
587, 0.781709, 0.135, 182139
588, 0.77364, 0.135, 182450
589, 0.773359, 0.137, 182760
590, 0.765787, 0.134, 183070
591, 0.766577, 0.134, 183381
592, 0.773267, 0.139, 183691
593, 0.773776, 0.133, 184001
594, 0.772733, 0.135, 184311
595, 0.765404, 0.13, 184621
596, 0.758918, 0.134, 184932
597, 0.757968, 0.131, 185242
598, 0.758095, 0.134, 185552
599, 0.758056, 0.129, 185862
600, 0.753711, 0.13, 186172
601, 0.761072, 0.13, 186482
602, 0.757925, 0.132, 186793
603, 0.759787, 0.13, 187103
604, 0.772662, 0.133, 187413
605, 0.768803, 0.129, 187723
606, 0.773816, 0.13, 188034
607, 0.783573, 0.127, 188344
608, 0.773988, 0.129, 188654
609, 0.775016, 0.127, 188964
610, 0.803156, 0.135, 189275
611, 0.792518, 0.14, 189585
612, 0.78278, 0.128, 189895
613, 0.802051, 0.137, 190205
614, 0.797544, 0.132, 190515
615, 0.793342, 0.127, 190826
616, 0.792866, 0.134, 191136
617, 0.787392, 0.135, 191446
618, 0.785165, 0.133, 191756
619, 0.782333, 0.133, 192066
620, 0.77734, 0.132, 192376
621, 0.755071, 0.126, 192687
622, 0.752213, 0.128, 192997
623, 0.751476, 0.125, 193307
624, 0.754573, 0.129, 193617
625, 0.747132, 0.126, 193928
626, 0.744669, 0.127, 194238
627, 0.746219, 0.129, 194548
628, 0.746104, 0.129, 194858
629, 0.742917, 0.128, 195169
630, 0.742319, 0.126, 195479
631, 0.742166, 0.126, 195789
632, 0.74808, 0.129, 196099
633, 0.751595, 0.13, 196410
634, 0.748661, 0.131, 196720
635, 0.744779, 0.128, 197030
636, 0.741154, 0.128, 197340
637, 0.739094, 0.128, 197651
638, 0.73809, 0.13, 197961
639, 0.735524, 0.129, 198271
640, 0.741363, 0.13, 198581
641, 0.736466, 0.13, 198891
642, 0.726903, 0.123, 199202
643, 0.784425, 0.138, 199512
644, 0.762646, 0.135, 199822
645, 0.755969, 0.131, 200132
646, 0.755386, 0.132, 200442
647, 0.753648, 0.13, 200753
648, 0.758955, 0.133, 201063
649, 0.747433, 0.129, 201373
650, 0.744254, 0.132, 201683
651, 0.740336, 0.127, 201993
652, 0.735887, 0.126, 202303
653, 0.734657, 0.13, 202613
654, 0.730992, 0.123, 202924
655, 0.724571, 0.126, 203234
656, 0.718447, 0.123, 203544
657, 0.717921, 0.118, 203854
658, 0.71494, 0.119, 204164
659, 0.731282, 0.124, 204474
660, 0.72296, 0.124, 204785
661, 0.720414, 0.119, 205095
662, 0.719043, 0.121, 205405
663, 0.714566, 0.117, 205715
664, 0.735033, 0.126, 206025
665, 0.718058, 0.127, 206336
666, 0.700902, 0.116, 206646
667, 0.686102, 0.119, 206956
668, 0.705426, 0.111, 207266
669, 0.693158, 0.117, 207577
670, 0.691329, 0.103, 207887
671, 0.69407, 0.113, 208197
672, 0.716132, 0.113, 208507
673, 0.74194, 0.133, 208818
674, 0.74, 0.127, 209128
675, 0.736268, 0.127, 209438
676, 0.726019, 0.124, 209748
677, 0.720028, 0.122, 210058
678, 0.71687, 0.121, 210368
679, 0.768162, 0.129, 210678
680, 0.760055, 0.128, 210989
681, 0.755972, 0.132, 211299
682, 0.750773, 0.125, 211609
683, 0.754789, 0.126, 211919
684, 0.75259, 0.126, 212230
685, 0.749527, 0.126, 212542
686, 0.739815, 0.124, 212852
687, 0.757433, 0.127, 213162
688, 0.765309, 0.128, 213472
689, 0.759957, 0.126, 213783
690, 0.758692, 0.128, 214093
691, 0.74725, 0.126, 214403
692, 0.745526, 0.126, 214713
693, 0.732254, 0.123, 215024
694, 0.725119, 0.122, 215334
695, 0.712491, 0.118, 215644
696, 0.710465, 0.123, 215955
697, 0.722666, 0.12, 216265
698, 0.718535, 0.123, 216575
699, 0.709842, 0.117, 216886
700, 0.709767, 0.118, 217196
701, 0.71389, 0.12, 217506
702, 0.705706, 0.115, 217816
703, 0.704286, 0.116, 218126
704, 0.701907, 0.115, 218437
705, 0.699807, 0.116, 218747
706, 0.706069, 0.114, 219057
707, 0.700707, 0.116, 219367
708, 0.702916, 0.12, 219678
709, 0.68757, 0.114, 219988
710, 0.692231, 0.119, 220298
711, 0.723511, 0.122, 220608
712, 0.7231, 0.118, 220919
713, 0.717122, 0.12, 221228
714, 0.715581, 0.117, 221539
715, 0.718787, 0.12, 221849
716, 0.69543, 0.114, 222159
717, 0.694728, 0.117, 222469
718, 0.682632, 0.113, 222780
719, 0.682855, 0.114, 223090
720, 0.682703, 0.113, 223400
721, 0.68208, 0.112, 223710
722, 0.681902, 0.114, 224020
723, 0.679277, 0.11, 224330
724, 0.682656, 0.112, 224641
725, 0.726867, 0.124, 224951
726, 0.711502, 0.121, 225261
727, 0.704829, 0.122, 225571
728, 0.707098, 0.12, 225881
729, 0.764161, 0.143, 226191
730, 0.756296, 0.129, 226502
731, 0.750629, 0.137, 226812
732, 0.751675, 0.129, 227126
733, 0.751948, 0.134, 227437
734, 0.743498, 0.125, 227747
735, 0.744047, 0.13, 228058
736, 0.730566, 0.124, 228367
737, 0.726014, 0.13, 228678
738, 0.722699, 0.123, 228988
739, 0.722723, 0.129, 229299
740, 0.713428, 0.119, 229609
741, 0.715737, 0.123, 229919
742, 0.710108, 0.116, 230229
743, 0.70915, 0.121, 230539
744, 0.698891, 0.112, 230850
745, 0.703188, 0.117, 231160
746, 0.693683, 0.111, 231470
747, 0.699247, 0.113, 231781
748, 0.69218, 0.11, 232091
749, 0.702571, 0.114, 232401
750, 0.698526, 0.111, 232711
751, 0.702153, 0.114, 233022
752, 0.700366, 0.119, 233332
753, 0.692754, 0.115, 233642
754, 0.691324, 0.115, 233952
755, 0.818021, 0.121, 234262
756, 0.749263, 0.117, 234572
757, 0.736043, 0.111, 234883
758, 0.726623, 0.119, 235193
759, 0.715553, 0.11, 235504
760, 0.709325, 0.116, 235814
761, 0.703459, 0.108, 236124
762, 0.687179, 0.113, 236434
763, 0.682399, 0.102, 236745
764, 0.681006, 0.106, 237055
765, 0.684469, 0.103, 237365
766, 0.675374, 0.105, 237675
767, 0.677069, 0.1, 237985
768, 0.669221, 0.102, 238295
769, 0.666605, 0.096, 238606
770, 0.655861, 0.095, 238916
771, 0.653648, 0.094, 239226
772, 0.648739, 0.095, 239537
773, 0.652312, 0.095, 239847
774, 0.648962, 0.094, 240160
775, 0.653076, 0.093, 240479
776, 0.664053, 0.1, 240794
777, 0.646159, 0.094, 241104
778, 0.645252, 0.094, 241414
779, 0.646871, 0.096, 241725
780, 0.646313, 0.095, 242035
781, 0.643873, 0.094, 242345
782, 0.642107, 0.093, 242655
783, 0.638209, 0.091, 242966
784, 0.64029, 0.088, 243276
785, 0.641981, 0.089, 243586
786, 0.633604, 0.087, 243896
787, 0.642099, 0.091, 244206
788, 0.642263, 0.093, 244517
789, 0.638636, 0.088, 244827
790, 0.64682, 0.097, 245137
791, 0.640078, 0.089, 245447
792, 0.630657, 0.091, 245758
793, 0.624974, 0.09, 246068
794, 0.634631, 0.09, 246378
795, 0.630449, 0.089, 246688
796, 0.631555, 0.09, 246999
797, 0.62708, 0.088, 247309
798, 0.622111, 0.09, 247619
799, 0.655253, 0.097, 247929
800, 0.643837, 0.101, 248240
801, 0.625929, 0.088, 248550
802, 0.625027, 0.091, 248860
803, 0.619602, 0.086, 249170
804, 0.620737, 0.094, 249481
805, 0.619022, 0.093, 249791
806, 0.613766, 0.097, 250101
807, 0.611344, 0.094, 250411
808, 0.612316, 0.095, 250721
809, 0.615029, 0.097, 251032
810, 0.609915, 0.096, 251342
811, 0.610899, 0.096, 251653
812, 0.60518, 0.095, 251963
813, 0.643004, 0.098, 252273
814, 0.642572, 0.104, 252583
815, 0.649351, 0.105, 252894
816, 0.639218, 0.105, 253204
817, 0.637429, 0.103, 253514
818, 0.628786, 0.103, 253824
819, 0.628005, 0.103, 254134
820, 0.653275, 0.108, 254445
821, 0.647936, 0.102, 254760
822, 0.641358, 0.106, 255070
823, 0.643398, 0.107, 255381
824, 0.638675, 0.107, 255691
825, 0.652536, 0.107, 256001
826, 0.622631, 0.103, 256311
827, 0.614295, 0.104, 256621
828, 0.636851, 0.1, 256932
829, 0.629176, 0.096, 257242
830, 0.622331, 0.094, 257552
831, 0.618243, 0.091, 257862
832, 0.61441, 0.094, 258173
833, 0.615962, 0.092, 258483
834, 0.609976, 0.092, 258793
835, 0.605742, 0.09, 259104
836, 0.604924, 0.09, 259414
837, 0.60103, 0.09, 259724
838, 0.607343, 0.09, 260034
839, 0.605579, 0.093, 260344
840, 0.604926, 0.091, 260655
841, 0.602058, 0.092, 260965
842, 0.601957, 0.091, 261275
843, 0.59824, 0.09, 261585
844, 0.602758, 0.091, 261896
845, 0.597335, 0.09, 262206
846, 0.594188, 0.091, 262516
847, 0.588688, 0.087, 262826
848, 0.591061, 0.091, 263137
849, 0.59492, 0.091, 263447
850, 0.593898, 0.091, 263757
851, 0.591841, 0.091, 264067
852, 0.592743, 0.088, 264377
853, 0.592104, 0.089, 264688
854, 0.585515, 0.086, 264998
855, 0.601015, 0.09, 265308
856, 0.590003, 0.088, 265618
857, 0.591394, 0.087, 265928
858, 0.585783, 0.09, 266239
859, 0.584841, 0.089, 266549
860, 0.58178, 0.087, 266859
861, 0.58295, 0.088, 267170
862, 0.581538, 0.089, 267480
863, 0.574203, 0.085, 267790
864, 0.581658, 0.087, 268100
865, 0.599154, 0.092, 268410
866, 0.60677, 0.095, 268721
867, 0.602899, 0.093, 269031
868, 0.607757, 0.097, 269341
869, 0.615018, 0.099, 269651
870, 0.601322, 0.092, 269962
871, 0.606652, 0.093, 270272
872, 0.600136, 0.092, 270582
873, 0.600419, 0.095, 270893
874, 0.614603, 0.096, 271203
875, 0.610342, 0.096, 271513
876, 0.611518, 0.097, 271823
877, 0.622731, 0.092, 272133
878, 0.617912, 0.089, 272443
879, 0.61692, 0.091, 272754
880, 0.633584, 0.093, 273064
881, 0.640443, 0.103, 273374
882, 0.624248, 0.093, 273684
883, 0.631405, 0.1, 273995
884, 0.622396, 0.09, 274305
885, 0.628749, 0.101, 274615
886, 0.627624, 0.093, 274926
887, 0.638852, 0.106, 275236
888, 0.641753, 0.095, 275546
889, 0.650058, 0.101, 275856
890, 0.643178, 0.099, 276166
891, 0.636675, 0.099, 276476
892, 0.637478, 0.098, 276787
893, 0.631837, 0.101, 277097
894, 0.648565, 0.103, 277407
895, 0.644753, 0.112, 277717
896, 0.6506, 0.106, 278027
897, 0.642873, 0.106, 278338
898, 0.639985, 0.101, 278648
899, 0.631437, 0.102, 278958
900, 0.643785, 0.1, 279268
901, 0.617577, 0.099, 279579
902, 0.621797, 0.094, 279889
903, 0.612017, 0.095, 280199
904, 0.61601, 0.094, 280509
905, 0.610812, 0.098, 280820
906, 0.610566, 0.09, 281130
907, 0.605236, 0.096, 281440
908, 0.606259, 0.091, 281751
909, 0.59564, 0.091, 282060
910, 0.60093, 0.092, 282371
911, 0.596648, 0.092, 282681
912, 0.598099, 0.092, 282992
913, 0.590067, 0.09, 283301
914, 0.600289, 0.097, 283612
915, 0.58564, 0.094, 283922
916, 0.58827, 0.096, 284232
917, 0.59487, 0.097, 284542
918, 0.597285, 0.095, 284853
919, 0.599632, 0.096, 285163
920, 0.59929, 0.097, 285473
921, 0.592605, 0.095, 285784
922, 0.590662, 0.095, 286093
923, 0.590744, 0.095, 286403
924, 0.584968, 0.096, 286714
925, 0.580859, 0.095, 287025
926, 0.601152, 0.097, 287336
927, 0.591424, 0.091, 287646
928, 0.602102, 0.097, 287956
929, 0.595304, 0.095, 288266
930, 0.596812, 0.095, 288576
931, 0.591077, 0.095, 288887
932, 0.584058, 0.096, 289197
933, 0.571797, 0.094, 289508
934, 0.631665, 0.105, 289818
935, 0.607412, 0.101, 290128
936, 0.603854, 0.103, 290438
937, 0.598429, 0.101, 290748
938, 0.5918, 0.1, 291059
939, 0.588758, 0.099, 291369
940, 0.586335, 0.1, 291679
941, 0.583957, 0.098, 291989
942, 0.581788, 0.095, 292299
943, 0.581843, 0.096, 292610
944, 0.583503, 0.098, 292920
945, 0.587733, 0.098, 293230
946, 0.586645, 0.098, 293540
947, 0.584908, 0.098, 293851
948, 0.63137, 0.108, 294161
949, 0.606365, 0.1, 294471
950, 0.603569, 0.1, 294782
951, 0.588985, 0.098, 295092
952, 0.589021, 0.099, 295402
953, 0.586497, 0.096, 295712
954, 0.586247, 0.096, 296022
955, 0.583349, 0.097, 296333
956, 0.581058, 0.096, 296643
957, 0.579623, 0.096, 296953
958, 0.578528, 0.096, 297263
959, 0.577105, 0.096, 297574
960, 0.578285, 0.097, 297884
961, 0.578743, 0.097, 298194
962, 0.576551, 0.096, 298504
963, 0.573836, 0.095, 298814
964, 0.604203, 0.101, 299125
965, 0.599206, 0.099, 299435
966, 0.597308, 0.098, 299745
967, 0.585264, 0.099, 300055
968, 0.58144, 0.099, 300366
969, 0.582212, 0.099, 300676
970, 0.578841, 0.098, 300986
971, 0.576725, 0.098, 301296
972, 0.570029, 0.097, 301607
973, 0.568338, 0.097, 301917
974, 0.563231, 0.096, 302227
975, 0.558539, 0.095, 302537
976, 0.557336, 0.094, 302848
977, 0.556138, 0.094, 303158
978, 0.554321, 0.093, 303468
979, 0.554629, 0.091, 303779
980, 0.550975, 0.088, 304089
981, 0.549997, 0.088, 304399
982, 0.548515, 0.088, 304709
983, 0.545832, 0.088, 305020
984, 0.548174, 0.088, 305330
985, 0.546018, 0.086, 305640
986, 0.548291, 0.088, 305950
987, 0.542327, 0.083, 306260
988, 0.537898, 0.082, 306570
989, 0.538764, 0.084, 306881
990, 0.541148, 0.086, 307191
991, 0.539007, 0.083, 307504
992, 0.537436, 0.082, 307814
993, 0.535664, 0.083, 308124
994, 0.534673, 0.083, 308435
995, 0.533972, 0.082, 308745
996, 0.534879, 0.082, 309055
997, 0.533007, 0.082, 309365
998, 0.538416, 0.082, 309676
999, 0.538274, 0.081, 309986
1000, 0.575293, 0.09, 310296
