epoch, cross_entropy, error, time
1, 37.4243, 0.902, 310
2, 37.4243, 0.902, 620
3, 12.0407, 0.88, 930
4, 8.93276, 0.867, 1241
5, 7.64217, 0.876, 1551
6, 7.21265, 0.849, 1866
7, 6.96502, 0.841, 2178
8, 6.81893, 0.843, 2488
9, 6.5539, 0.823, 2798
10, 6.22341, 0.802, 3109
11, 5.97592, 0.784, 3419
12, 5.73981, 0.772, 3729
13, 5.63926, 0.779, 4039
14, 5.53673, 0.751, 4350
15, 5.38017, 0.74, 4660
16, 5.2577, 0.734, 4970
17, 5.20688, 0.733, 5280
18, 5.10638, 0.727, 5590
19, 5.03681, 0.717, 5900
20, 4.95759, 0.718, 6211
21, 4.83598, 0.702, 6521
22, 4.74952, 0.69, 6831
23, 4.55883, 0.681, 7141
24, 4.47904, 0.683, 7452
25, 4.41723, 0.676, 7764
26, 4.30347, 0.668, 8079
27, 4.30348, 0.658, 8389
28, 4.29915, 0.658, 8699
29, 4.24537, 0.646, 9009
30, 4.17441, 0.635, 9319
31, 4.12725, 0.639, 9629
32, 4.06623, 0.627, 9940
33, 3.97394, 0.624, 10250
34, 3.88179, 0.612, 10560
35, 3.88261, 0.604, 10870
36, 3.82522, 0.594, 11180
37, 3.80409, 0.6, 11491
38, 3.71486, 0.594, 11801
39, 3.6828, 0.593, 12111
40, 3.75272, 0.614, 12421
41, 3.67026, 0.599, 12731
42, 3.59444, 0.584, 13042
43, 3.55365, 0.578, 13352
44, 3.5096, 0.577, 13662
45, 3.51281, 0.569, 13972
46, 3.43317, 0.571, 14283
47, 3.44812, 0.567, 14593
48, 3.40735, 0.563, 14903
49, 3.35928, 0.553, 15213
50, 3.32768, 0.548, 15523
51, 3.32269, 0.541, 15833
52, 3.33323, 0.536, 16144
53, 3.254, 0.532, 16454
54, 3.19392, 0.52, 16764
55, 3.13221, 0.514, 17074
56, 3.07294, 0.515, 17384
57, 3.0473, 0.505, 17694
58, 3.02197, 0.497, 18004
59, 3.02461, 0.498, 18315
60, 3.02068, 0.5, 18625
61, 3.02109, 0.488, 18935
62, 2.99353, 0.493, 19245
63, 2.97162, 0.495, 19555
64, 2.93424, 0.502, 19870
65, 2.91589, 0.501, 20181
66, 2.91335, 0.5, 20491
67, 2.92934, 0.493, 20802
68, 3.02801, 0.506, 21112
69, 2.99552, 0.5, 21422
70, 2.92619, 0.491, 21733
71, 2.90344, 0.482, 22043
72, 2.84367, 0.472, 22353
73, 2.81564, 0.471, 22663
74, 2.81373, 0.468, 22974
75, 2.81382, 0.465, 23284
76, 2.84033, 0.47, 23594
77, 2.81689, 0.47, 23904
78, 2.78698, 0.465, 24215
79, 2.78442, 0.462, 24525
80, 2.74704, 0.466, 24835
81, 2.72196, 0.474, 25145
82, 2.70842, 0.475, 25456
83, 2.69577, 0.478, 25767
84, 2.68135, 0.47, 26081
85, 2.65938, 0.481, 26391
86, 2.64354, 0.469, 26702
87, 2.62733, 0.471, 27012
88, 2.63543, 0.474, 27322
89, 2.61501, 0.476, 27632
90, 2.5881, 0.47, 27943
91, 2.57188, 0.47, 28253
92, 2.55842, 0.468, 28563
93, 2.52832, 0.467, 28873
94, 2.51082, 0.46, 29184
95, 2.5263, 0.471, 29494
96, 2.49032, 0.453, 29804
97, 2.47739, 0.447, 30114
98, 2.4512, 0.444, 30424
99, 2.40861, 0.429, 30735
100, 2.40478, 0.43, 31045
101, 2.40652, 0.423, 31355
102, 2.40375, 0.427, 31665
103, 2.38302, 0.425, 31975
104, 2.36809, 0.418, 32286
105, 2.35078, 0.417, 32596
106, 2.32998, 0.408, 32906
107, 2.31771, 0.411, 33216
108, 2.31126, 0.408, 33526
109, 2.29205, 0.408, 33837
110, 2.28969, 0.403, 34147
111, 2.32767, 0.417, 34457
112, 2.31712, 0.415, 34767
113, 2.31691, 0.414, 35078
114, 2.29784, 0.416, 35388
115, 2.27313, 0.41, 35698
116, 2.26926, 0.407, 36008
117, 2.26069, 0.404, 36318
118, 2.25015, 0.4, 36629
119, 2.22625, 0.399, 36939
120, 2.22047, 0.406, 37249
121, 2.3157, 0.434, 37559
122, 2.28149, 0.423, 37870
123, 2.22998, 0.404, 38180
124, 2.20528, 0.393, 38490
125, 2.18885, 0.395, 38800
126, 2.19907, 0.392, 39111
127, 2.20922, 0.397, 39421
128, 2.18879, 0.393, 39731
129, 2.17034, 0.39, 40041
130, 2.17006, 0.393, 40352
131, 2.18651, 0.399, 40662
132, 2.17162, 0.396, 40972
133, 2.15157, 0.398, 41282
134, 2.14503, 0.397, 41592
135, 2.11129, 0.395, 41902
136, 2.09828, 0.393, 42213
137, 2.07574, 0.385, 42523
138, 2.09634, 0.382, 42833
139, 2.07814, 0.372, 43143
140, 2.06248, 0.378, 43454
141, 2.0572, 0.371, 43764
142, 2.04386, 0.372, 44074
143, 2.04389, 0.375, 44384
144, 2.0301, 0.367, 44694
145, 2.01702, 0.368, 45005
146, 1.99365, 0.362, 45315
147, 1.99176, 0.364, 45625
148, 1.98828, 0.356, 45935
149, 1.97173, 0.357, 46246
150, 2.00437, 0.368, 46556
151, 1.99022, 0.366, 46866
152, 1.97399, 0.358, 47176
153, 1.95842, 0.358, 47487
154, 1.95397, 0.366, 47797
155, 1.9568, 0.365, 48107
156, 1.95129, 0.357, 48417
157, 1.93426, 0.35, 48727
158, 1.92817, 0.347, 49038
159, 1.92913, 0.34, 49348
160, 1.90808, 0.342, 49658
161, 1.89113, 0.34, 49968
162, 1.88258, 0.337, 50279
163, 1.88867, 0.34, 50589
164, 1.88148, 0.339, 50899
165, 1.87206, 0.341, 51209
166, 1.89081, 0.347, 51519
167, 1.89023, 0.346, 51830
168, 1.87501, 0.337, 52140
169, 1.89188, 0.343, 52450
170, 1.87177, 0.342, 52760
171, 1.87364, 0.343, 53071
172, 1.88164, 0.343, 53381
173, 1.87699, 0.344, 53691
174, 1.87198, 0.341, 54001
175, 1.86502, 0.339, 54312
176, 1.86307, 0.341, 54622
177, 1.86425, 0.343, 54932
178, 1.84077, 0.335, 55242
179, 1.83766, 0.337, 55552
180, 1.8255, 0.334, 55863
181, 1.83039, 0.338, 56173
182, 1.82967, 0.341, 56483
183, 1.83609, 0.34, 56793
184, 1.83046, 0.334, 57104
185, 1.82121, 0.331, 57415
186, 1.8176, 0.335, 57724
187, 1.81253, 0.331, 58035
188, 1.8005, 0.323, 58346
189, 1.79267, 0.323, 58656
190, 1.815, 0.338, 58966
191, 1.80014, 0.333, 59276
192, 1.79104, 0.333, 59586
193, 1.78219, 0.332, 59896
194, 1.77802, 0.333, 60207
195, 1.77306, 0.332, 60517
196, 1.7763, 0.337, 60827
197, 1.77917, 0.335, 61138
198, 1.78305, 0.334, 61448
199, 1.77681, 0.332, 61758
200, 1.7821, 0.333, 62071
201, 1.77927, 0.334, 62381
202, 1.7614, 0.32, 62691
203, 1.77035, 0.322, 63001
204, 1.74432, 0.32, 63311
205, 1.75098, 0.322, 63621
206, 1.74316, 0.322, 63932
207, 1.73536, 0.316, 64242
208, 1.73956, 0.319, 64552
209, 1.73489, 0.318, 64862
210, 1.7325, 0.318, 65173
211, 1.72835, 0.315, 65483
212, 1.72426, 0.317, 65793
213, 1.72153, 0.317, 66103
214, 1.71488, 0.315, 66413
215, 1.69911, 0.312, 66723
216, 1.70533, 0.311, 67033
217, 1.69648, 0.31, 67344
218, 1.69249, 0.308, 67654
219, 1.68976, 0.309, 67964
220, 1.7006, 0.315, 68274
221, 1.69421, 0.313, 68584
222, 1.67874, 0.308, 68894
223, 1.68005, 0.309, 69205
224, 1.67638, 0.309, 69515
225, 1.67457, 0.316, 69825
226, 1.69172, 0.32, 70135
227, 1.70698, 0.327, 70446
228, 1.69975, 0.326, 70755
229, 1.69892, 0.325, 71066
230, 1.69272, 0.325, 71376
231, 1.68854, 0.322, 71686
232, 1.67845, 0.321, 71996
233, 1.67327, 0.323, 72306
234, 1.65991, 0.319, 72616
235, 1.65587, 0.319, 72927
236, 1.65307, 0.313, 73237
237, 1.64693, 0.312, 73547
238, 1.64934, 0.313, 73857
239, 1.64496, 0.311, 74168
240, 1.63294, 0.309, 74478
241, 1.63592, 0.309, 74788
242, 1.61261, 0.305, 75098
243, 1.62999, 0.307, 75408
244, 1.62101, 0.305, 75718
245, 1.61204, 0.306, 76029
246, 1.60948, 0.304, 76339
247, 1.60514, 0.304, 76649
248, 1.59454, 0.298, 76959
249, 1.59518, 0.3, 77269
250, 1.59651, 0.301, 77580
251, 1.59364, 0.3, 77890
252, 1.59207, 0.299, 78200
253, 1.59631, 0.302, 78510
254, 1.60964, 0.303, 78820
255, 1.59908, 0.301, 79130
256, 1.59397, 0.3, 79440
257, 1.59108, 0.301, 79750
258, 1.59714, 0.303, 80061
259, 1.59594, 0.301, 80371
260, 1.59698, 0.3, 80681
261, 1.58412, 0.299, 80991
262, 1.57927, 0.297, 81302
263, 1.57568, 0.296, 81611
264, 1.57501, 0.294, 81922
265, 1.57336, 0.295, 82232
266, 1.56789, 0.295, 82542
267, 1.56653, 0.294, 82852
268, 1.56835, 0.295, 83162
269, 1.55063, 0.284, 83472
270, 1.54465, 0.276, 83783
271, 1.53927, 0.277, 84094
272, 1.54087, 0.279, 84404
273, 1.53757, 0.28, 84714
274, 1.52631, 0.278, 85024
275, 1.53822, 0.277, 85334
276, 1.53612, 0.277, 85644
277, 1.53192, 0.279, 85955
278, 1.52833, 0.276, 86265
279, 1.52718, 0.277, 86575
280, 1.51618, 0.276, 86885
281, 1.52035, 0.277, 87195
282, 1.51801, 0.277, 87505
283, 1.50797, 0.275, 87815
284, 1.50706, 0.275, 88126
285, 1.51463, 0.277, 88436
286, 1.52326, 0.282, 88746
287, 1.52509, 0.281, 89056
288, 1.51914, 0.276, 89366
289, 1.51436, 0.275, 89677
290, 1.51507, 0.278, 89986
291, 1.50732, 0.276, 90297
292, 1.5081, 0.27, 90607
293, 1.50594, 0.27, 90917
294, 1.50196, 0.27, 91227
295, 1.49471, 0.27, 91537
296, 1.49524, 0.274, 91847
297, 1.49386, 0.275, 92158
298, 1.4872, 0.268, 92468
299, 1.4867, 0.265, 92778
300, 1.48581, 0.264, 93088
301, 1.48105, 0.263, 93399
302, 1.48092, 0.266, 93708
303, 1.47968, 0.263, 94019
304, 1.47791, 0.263, 94329
305, 1.47756, 0.262, 94638
306, 1.47619, 0.261, 94949
307, 1.47066, 0.261, 95259
308, 1.47047, 0.258, 95569
309, 1.46603, 0.257, 95879
310, 1.46373, 0.257, 96189
311, 1.45985, 0.259, 96499
312, 1.45169, 0.256, 96810
313, 1.45316, 0.254, 97120
314, 1.44872, 0.256, 97430
315, 1.45055, 0.259, 97740
316, 1.44942, 0.259, 98050
317, 1.44121, 0.256, 98360
318, 1.44656, 0.257, 98670
319, 1.44148, 0.257, 98980
320, 1.43789, 0.257, 99290
321, 1.4198, 0.258, 99600
322, 1.41557, 0.254, 99910
323, 1.40982, 0.253, 100220
324, 1.40556, 0.256, 100530
325, 1.40371, 0.255, 100840
326, 1.40672, 0.256, 101151
327, 1.40437, 0.251, 101463
328, 1.40962, 0.251, 101773
329, 1.4055, 0.247, 102083
330, 1.40686, 0.247, 102394
331, 1.40069, 0.242, 102704
332, 1.39995, 0.246, 103014
333, 1.40214, 0.243, 103324
334, 1.39658, 0.242, 103634
335, 1.39585, 0.242, 103944
336, 1.39076, 0.244, 104254
337, 1.38719, 0.243, 104564
338, 1.38739, 0.245, 104874
339, 1.38422, 0.245, 105184
340, 1.38101, 0.244, 105494
341, 1.3783, 0.244, 105804
342, 1.37504, 0.242, 106115
343, 1.37619, 0.244, 106425
344, 1.37513, 0.243, 106734
345, 1.37092, 0.242, 107045
346, 1.36993, 0.242, 107355
347, 1.37067, 0.241, 107665
348, 1.36974, 0.24, 107975
349, 1.37072, 0.241, 108285
350, 1.37052, 0.241, 108595
351, 1.37059, 0.242, 108906
352, 1.39275, 0.249, 109216
353, 1.38836, 0.249, 109526
354, 1.38708, 0.252, 109845
355, 1.38332, 0.251, 110157
356, 1.38678, 0.256, 110467
357, 1.39016, 0.258, 110777
358, 1.38746, 0.259, 111087
359, 1.37833, 0.258, 111397
360, 1.37627, 0.259, 111707
361, 1.38516, 0.262, 112017
362, 1.38272, 0.261, 112327
363, 1.38179, 0.259, 112637
364, 1.38033, 0.259, 112947
365, 1.38024, 0.259, 113258
366, 1.37978, 0.259, 113568
367, 1.37784, 0.258, 113878
368, 1.37587, 0.258, 114188
369, 1.37862, 0.26, 114498
370, 1.37786, 0.258, 114808
371, 1.37462, 0.258, 115118
372, 1.37632, 0.259, 115428
373, 1.37571, 0.259, 115738
374, 1.36702, 0.249, 116049
375, 1.36406, 0.25, 116359
376, 1.36304, 0.248, 116668
377, 1.36016, 0.249, 116979
378, 1.38861, 0.252, 117290
379, 1.39122, 0.254, 117608
380, 1.39376, 0.256, 117918
381, 1.39027, 0.256, 118228
382, 1.38951, 0.256, 118538
383, 1.38246, 0.254, 118848
384, 1.38136, 0.254, 119158
385, 1.37871, 0.253, 119469
386, 1.37741, 0.253, 119779
387, 1.37446, 0.253, 120089
388, 1.3685, 0.253, 120399
389, 1.3689, 0.249, 120709
390, 1.36524, 0.249, 121019
391, 1.36733, 0.249, 121330
392, 1.35651, 0.247, 121640
393, 1.35596, 0.246, 121950
394, 1.36965, 0.248, 122260
395, 1.36943, 0.248, 122570
396, 1.36821, 0.248, 122880
397, 1.38788, 0.255, 123190
398, 1.38877, 0.255, 123500
399, 1.3829, 0.254, 123810
400, 1.38166, 0.254, 124121
401, 1.37856, 0.253, 124431
402, 1.37587, 0.256, 124741
403, 1.37504, 0.258, 125051
404, 1.37025, 0.256, 125361
405, 1.37016, 0.255, 125671
406, 1.36816, 0.255, 125981
407, 1.36537, 0.255, 126291
408, 1.36443, 0.254, 126601
409, 1.35736, 0.251, 126912
410, 1.35588, 0.248, 127222
411, 1.35351, 0.248, 127532
412, 1.34508, 0.245, 127842
413, 1.3503, 0.243, 128152
414, 1.34613, 0.239, 128462
415, 1.34306, 0.241, 128772
416, 1.34274, 0.241, 129082
417, 1.34258, 0.241, 129393
418, 1.32263, 0.239, 129703
419, 1.32008, 0.238, 130013
420, 1.3217, 0.236, 130323
421, 1.31663, 0.238, 130635
422, 1.31788, 0.242, 130945
423, 1.31709, 0.239, 131255
424, 1.31326, 0.236, 131565
425, 1.31081, 0.236, 131875
426, 1.30799, 0.236, 132185
427, 1.30494, 0.236, 132496
428, 1.30759, 0.235, 132806
429, 1.30626, 0.234, 133116
430, 1.30466, 0.236, 133426
431, 1.30073, 0.235, 133736
432, 1.29999, 0.235, 134047
433, 1.29879, 0.235, 134357
434, 1.29702, 0.236, 134667
435, 1.29382, 0.235, 134977
436, 1.29629, 0.234, 135287
437, 1.28621, 0.229, 135597
438, 1.28606, 0.23, 135907
439, 1.27983, 0.228, 136218
440, 1.27925, 0.228, 136528
441, 1.27934, 0.228, 136838
442, 1.27886, 0.228, 137148
443, 1.27825, 0.228, 137458
444, 1.2778, 0.228, 137769
445, 1.27564, 0.228, 138079
446, 1.27015, 0.226, 138389
447, 1.27174, 0.227, 138699
448, 1.28228, 0.23, 139010
449, 1.27789, 0.229, 139320
450, 1.27338, 0.228, 139630
451, 1.26269, 0.223, 139940
452, 1.26011, 0.226, 140250
453, 1.25907, 0.226, 140560
454, 1.25656, 0.224, 140870
455, 1.25798, 0.224, 141181
456, 1.25835, 0.224, 141491
457, 1.26262, 0.225, 141801
458, 1.26186, 0.226, 142111
459, 1.26346, 0.228, 142421
460, 1.26775, 0.23, 142731
461, 1.26243, 0.227, 143041
462, 1.2612, 0.227, 143352
463, 1.26311, 0.226, 143662
464, 1.26, 0.224, 143972
465, 1.25642, 0.223, 144282
466, 1.25297, 0.223, 144592
467, 1.26288, 0.227, 144903
468, 1.2634, 0.227, 145213
469, 1.25514, 0.226, 145523
470, 1.25211, 0.222, 145833
471, 1.25092, 0.222, 146143
472, 1.25921, 0.225, 146453
473, 1.25863, 0.225, 146763
474, 1.26147, 0.226, 147073
475, 1.26103, 0.227, 147384
476, 1.25914, 0.226, 147694
477, 1.25947, 0.227, 148004
478, 1.25653, 0.226, 148314
479, 1.25703, 0.225, 148624
480, 1.25689, 0.224, 148934
481, 1.25621, 0.223, 149244
482, 1.2605, 0.223, 149555
483, 1.25792, 0.223, 149865
484, 1.25827, 0.223, 150175
485, 1.25048, 0.219, 150485
486, 1.26095, 0.222, 150795
487, 1.25804, 0.222, 151105
488, 1.25836, 0.222, 151415
489, 1.2571, 0.222, 151726
490, 1.25661, 0.22, 152036
491, 1.25585, 0.22, 152346
492, 1.25178, 0.219, 152656
493, 1.25134, 0.219, 152966
494, 1.25064, 0.219, 153276
495, 1.25024, 0.22, 153586
496, 1.25053, 0.22, 153896
497, 1.25007, 0.219, 154207
498, 1.25099, 0.217, 154517
499, 1.24967, 0.218, 154827
500, 1.24798, 0.22, 155137
501, 1.26536, 0.222, 155447
502, 1.26334, 0.223, 155757
503, 1.262, 0.227, 156067
504, 1.25879, 0.227, 156377
505, 1.25851, 0.225, 156688
506, 1.25734, 0.223, 156998
507, 1.25547, 0.223, 157308
508, 1.25585, 0.223, 157618
509, 1.25251, 0.222, 157928
510, 1.252, 0.219, 158239
511, 1.25218, 0.219, 158549
512, 1.25161, 0.219, 158859
513, 1.25057, 0.217, 159170
514, 1.24999, 0.216, 159480
515, 1.24886, 0.218, 159790
516, 1.2489, 0.218, 160100
517, 1.24841, 0.223, 160410
518, 1.24925, 0.226, 160720
519, 1.2484, 0.226, 161030
520, 1.24366, 0.223, 161341
521, 1.24046, 0.223, 161650
522, 1.2381, 0.224, 161961
523, 1.23599, 0.22, 162271
524, 1.23479, 0.222, 162581
525, 1.23418, 0.221, 162891
526, 1.23431, 0.222, 163201
527, 1.23922, 0.224, 163511
528, 1.24545, 0.226, 163821
529, 1.2452, 0.227, 164132
530, 1.24413, 0.226, 164442
531, 1.24351, 0.226, 164752
532, 1.24329, 0.227, 165062
533, 1.23908, 0.227, 165373
534, 1.23838, 0.227, 165683
535, 1.23789, 0.227, 165993
536, 1.23921, 0.227, 166303
537, 1.23567, 0.227, 166613
538, 1.24453, 0.227, 166923
539, 1.23806, 0.224, 167233
540, 1.23174, 0.222, 167544
541, 1.23367, 0.224, 167858
542, 1.23543, 0.225, 168170
543, 1.23373, 0.225, 168480
544, 1.23171, 0.224, 168790
545, 1.23257, 0.225, 169101
546, 1.23015, 0.225, 169411
547, 1.22833, 0.224, 169721
548, 1.22784, 0.224, 170031
549, 1.22777, 0.225, 170341
550, 1.22701, 0.225, 170651
551, 1.22533, 0.224, 170962
552, 1.22555, 0.224, 171272
553, 1.22042, 0.224, 171582
554, 1.21548, 0.221, 171892
555, 1.20969, 0.219, 172202
556, 1.2091, 0.218, 172512
557, 1.20892, 0.219, 172832
558, 1.20795, 0.218, 173144
559, 1.20698, 0.22, 173454
560, 1.20882, 0.219, 173765
561, 1.20811, 0.218, 174075
562, 1.20758, 0.219, 174385
563, 1.19718, 0.216, 174695
564, 1.19632, 0.214, 175005
565, 1.19536, 0.213, 175315
566, 1.23621, 0.221, 175625
567, 1.23235, 0.222, 175936
568, 1.2265, 0.222, 176246
569, 1.22417, 0.222, 176556
570, 1.22099, 0.219, 176866
571, 1.21705, 0.216, 177176
572, 1.21701, 0.215, 177492
573, 1.21732, 0.214, 177811
574, 1.21463, 0.212, 178124
575, 1.21329, 0.212, 178434
576, 1.21276, 0.212, 178746
577, 1.21193, 0.212, 179057
578, 1.20926, 0.211, 179367
579, 1.20871, 0.211, 179677
580, 1.20802, 0.211, 179990
581, 1.20542, 0.209, 180300
582, 1.20302, 0.209, 180610
583, 1.20223, 0.209, 180920
584, 1.19927, 0.21, 181231
585, 1.19746, 0.21, 181541
586, 1.19691, 0.211, 181851
587, 1.19613, 0.21, 182162
588, 1.1965, 0.211, 182471
589, 1.20028, 0.213, 182781
590, 1.1999, 0.216, 183092
591, 1.19921, 0.215, 183402
592, 1.19994, 0.215, 183712
593, 1.19931, 0.214, 184022
594, 1.19912, 0.214, 184333
595, 1.1969, 0.214, 184643
596, 1.19644, 0.214, 184953
597, 1.19606, 0.213, 185263
598, 1.19577, 0.212, 185573
599, 1.19509, 0.212, 185883
600, 1.19376, 0.212, 186194
601, 1.19362, 0.213, 186503
602, 1.19111, 0.211, 186814
603, 1.19058, 0.212, 187124
604, 1.18939, 0.211, 187434
605, 1.18915, 0.211, 187744
606, 1.19292, 0.213, 188055
607, 1.1903, 0.211, 188365
608, 1.20337, 0.211, 188675
609, 1.19282, 0.208, 188985
610, 1.16345, 0.202, 189295
611, 1.15908, 0.199, 189606
612, 1.15914, 0.201, 189916
613, 1.15595, 0.203, 190226
614, 1.15245, 0.202, 190536
615, 1.15206, 0.202, 190846
616, 1.15164, 0.202, 191156
617, 1.15267, 0.203, 191466
618, 1.15063, 0.203, 191777
619, 1.144, 0.2, 192087
620, 1.14394, 0.199, 192397
621, 1.1445, 0.199, 192707
622, 1.1437, 0.199, 193017
623, 1.14328, 0.199, 193328
624, 1.14155, 0.201, 193637
625, 1.1385, 0.201, 193948
626, 1.13642, 0.201, 194258
627, 1.13409, 0.2, 194568
628, 1.13341, 0.201, 194878
629, 1.13327, 0.202, 195189
630, 1.13284, 0.202, 195499
631, 1.13375, 0.202, 195809
632, 1.13397, 0.202, 196119
633, 1.12772, 0.2, 196429
634, 1.12746, 0.2, 196739
635, 1.12709, 0.197, 197049
636, 1.12589, 0.197, 197360
637, 1.12556, 0.196, 197670
638, 1.12519, 0.195, 197980
639, 1.12516, 0.196, 198290
640, 1.12836, 0.197, 198601
641, 1.12652, 0.196, 198911
642, 1.12607, 0.196, 199221
643, 1.12241, 0.194, 199531
644, 1.12293, 0.196, 199841
645, 1.12259, 0.196, 200151
646, 1.1197, 0.194, 200462
647, 1.12685, 0.194, 200771
648, 1.12719, 0.195, 201082
649, 1.12798, 0.196, 201392
650, 1.12511, 0.197, 201702
651, 1.12466, 0.195, 202012
652, 1.12468, 0.195, 202323
653, 1.12415, 0.195, 202633
654, 1.12338, 0.195, 202943
655, 1.11999, 0.194, 203253
656, 1.1181, 0.193, 203563
657, 1.11719, 0.193, 203873
658, 1.11682, 0.192, 204183
659, 1.11651, 0.192, 204493
660, 1.11565, 0.192, 204803
661, 1.11873, 0.193, 205114
662, 1.11843, 0.193, 205424
663, 1.11815, 0.193, 205734
664, 1.11645, 0.192, 206044
665, 1.11789, 0.191, 206355
666, 1.1153, 0.19, 206664
667, 1.11391, 0.192, 206975
668, 1.11358, 0.192, 207285
669, 1.1103, 0.191, 207595
670, 1.10893, 0.19, 207905
671, 1.10472, 0.189, 208216
672, 1.10457, 0.189, 208525
673, 1.10298, 0.192, 208836
674, 1.10291, 0.195, 209146
675, 1.10052, 0.195, 209456
676, 1.10073, 0.195, 209766
677, 1.10042, 0.195, 210077
678, 1.10009, 0.194, 210386
679, 1.09911, 0.194, 210697
680, 1.09821, 0.194, 211007
681, 1.09729, 0.194, 211317
682, 1.09548, 0.194, 211627
683, 1.09625, 0.195, 211937
684, 1.0959, 0.195, 212248
685, 1.09467, 0.195, 212557
686, 1.09414, 0.193, 212867
687, 1.09375, 0.194, 213178
688, 1.09336, 0.194, 213488
689, 1.09289, 0.195, 213798
690, 1.09137, 0.194, 214108
691, 1.09068, 0.196, 214418
692, 1.0904, 0.195, 214729
693, 1.09012, 0.195, 215039
694, 1.08972, 0.195, 215349
695, 1.08893, 0.194, 215659
696, 1.08829, 0.194, 215969
697, 1.08793, 0.194, 216279
698, 1.08747, 0.194, 216589
699, 1.08433, 0.192, 216899
700, 1.08402, 0.191, 217210
701, 1.08362, 0.19, 217520
702, 1.08236, 0.19, 217830
703, 1.08207, 0.19, 218140
704, 1.08144, 0.19, 218451
705, 1.08403, 0.191, 218760
706, 1.08267, 0.191, 219071
707, 1.08383, 0.19, 219381
708, 1.08236, 0.19, 219691
709, 1.0824, 0.189, 220001
710, 1.08183, 0.192, 220311
711, 1.07938, 0.19, 220621
712, 1.08031, 0.19, 220932
713, 1.07994, 0.189, 221242
714, 1.07552, 0.187, 221552
715, 1.07459, 0.186, 221862
716, 1.07959, 0.186, 222172
717, 1.08101, 0.188, 222482
718, 1.07998, 0.189, 222792
719, 1.07939, 0.191, 223103
720, 1.0815, 0.194, 223413
721, 1.08114, 0.193, 223723
722, 1.08086, 0.193, 224033
723, 1.08027, 0.193, 224343
724, 1.08425, 0.195, 224653
725, 1.08389, 0.194, 224963
726, 1.08383, 0.194, 225274
727, 1.08471, 0.195, 225584
728, 1.08474, 0.194, 225894
729, 1.08442, 0.193, 226204
730, 1.08384, 0.192, 226514
731, 1.08343, 0.192, 226824
732, 1.08046, 0.192, 227134
733, 1.08086, 0.193, 227444
734, 1.08059, 0.192, 227755
735, 1.08035, 0.192, 228065
736, 1.07997, 0.192, 228375
737, 1.07912, 0.192, 228685
738, 1.07876, 0.191, 228995
739, 1.07893, 0.191, 229306
740, 1.07649, 0.187, 229616
741, 1.07261, 0.185, 229926
742, 1.0716, 0.185, 230236
743, 1.07193, 0.185, 230546
744, 1.07386, 0.186, 230856
745, 1.07105, 0.185, 231167
746, 1.07083, 0.185, 231477
747, 1.07118, 0.186, 231787
748, 1.06243, 0.182, 232097
749, 1.06276, 0.182, 232407
750, 1.06315, 0.182, 232717
751, 1.06121, 0.181, 233027
752, 1.06079, 0.182, 233337
753, 1.05884, 0.182, 233648
754, 1.05569, 0.179, 233958
755, 1.05577, 0.179, 234268
756, 1.05507, 0.179, 234578
757, 1.05667, 0.18, 234888
758, 1.05611, 0.18, 235199
759, 1.06332, 0.184, 235508
760, 1.06227, 0.183, 235818
761, 1.06362, 0.182, 236129
762, 1.06217, 0.18, 236439
763, 1.06442, 0.181, 236749
764, 1.06064, 0.18, 237059
765, 1.05906, 0.179, 237371
766, 1.05913, 0.179, 237681
767, 1.05706, 0.178, 237991
768, 1.05441, 0.179, 238302
769, 1.05408, 0.18, 238612
770, 1.05374, 0.18, 238922
771, 1.05386, 0.178, 239232
772, 1.05107, 0.178, 239546
773, 1.05233, 0.179, 239865
774, 1.05325, 0.18, 240176
775, 1.05294, 0.18, 240486
776, 1.05246, 0.181, 240796
777, 1.05177, 0.181, 241106
778, 1.05119, 0.18, 241416
779, 1.0541, 0.181, 241726
780, 1.05467, 0.178, 242036
781, 1.0625, 0.185, 242347
782, 1.05868, 0.183, 242657
783, 1.05554, 0.179, 242967
784, 1.05452, 0.179, 243277
785, 1.05396, 0.178, 243587
786, 1.05128, 0.177, 243897
787, 1.04707, 0.178, 244207
788, 1.04637, 0.178, 244518
789, 1.04781, 0.178, 244828
790, 1.0462, 0.177, 245138
791, 1.04471, 0.176, 245448
792, 1.04126, 0.177, 245758
793, 1.04235, 0.179, 246068
794, 1.04107, 0.179, 246378
795, 1.0416, 0.18, 246688
796, 1.04112, 0.18, 246999
797, 1.03737, 0.18, 247309
798, 1.03631, 0.178, 247619
799, 1.03659, 0.179, 247929
800, 1.03696, 0.179, 248239
801, 1.03556, 0.179, 248549
802, 1.03535, 0.18, 248859
803, 1.03514, 0.18, 249170
804, 1.03493, 0.18, 249480
805, 1.03721, 0.181, 249790
806, 1.03409, 0.178, 250100
807, 1.03332, 0.178, 250412
808, 1.03685, 0.18, 250731
809, 1.03299, 0.179, 251041
810, 1.03193, 0.18, 251351
811, 1.03164, 0.179, 251661
812, 1.03138, 0.179, 251971
813, 1.03087, 0.179, 252281
814, 1.02941, 0.179, 252591
815, 1.02762, 0.178, 252901
816, 1.02718, 0.178, 253212
817, 1.02727, 0.178, 253522
818, 1.02551, 0.177, 253832
819, 1.02944, 0.179, 254142
820, 1.03278, 0.179, 254452
821, 1.03284, 0.179, 254762
822, 1.03259, 0.179, 255073
823, 1.03206, 0.179, 255383
824, 1.03137, 0.179, 255693
825, 1.02965, 0.179, 256003
826, 1.02931, 0.182, 256313
827, 1.02923, 0.181, 256623
828, 1.0267, 0.179, 256933
829, 1.02582, 0.181, 257244
830, 1.02629, 0.181, 257554
831, 1.02838, 0.183, 257865
832, 1.03036, 0.185, 258175
833, 1.02999, 0.183, 258485
834, 1.02617, 0.182, 258795
835, 1.02433, 0.18, 259105
836, 1.02193, 0.18, 259416
837, 1.02398, 0.18, 259726
838, 1.02298, 0.18, 260036
839, 1.02546, 0.181, 260346
840, 1.02682, 0.178, 260656
841, 1.02731, 0.177, 260966
842, 1.02607, 0.179, 261276
843, 1.02765, 0.179, 261587
844, 1.02665, 0.178, 261897
845, 1.02623, 0.179, 262207
846, 1.02329, 0.178, 262517
847, 1.02168, 0.176, 262827
848, 1.02365, 0.175, 263137
849, 1.02063, 0.176, 263447
850, 1.0195, 0.174, 263757
851, 1.01863, 0.174, 264068
852, 1.02408, 0.175, 264378
853, 1.02224, 0.174, 264687
854, 1.02463, 0.174, 264998
855, 1.02422, 0.174, 265308
856, 1.02279, 0.175, 265618
857, 1.02176, 0.174, 265928
858, 1.01947, 0.173, 266238
859, 1.01764, 0.172, 266549
860, 1.01881, 0.173, 266858
861, 1.01925, 0.172, 267169
862, 1.01945, 0.173, 267479
863, 1.01843, 0.171, 267789
864, 1.02266, 0.169, 268099
865, 1.02857, 0.17, 268409
866, 1.01992, 0.169, 268719
867, 1.01352, 0.168, 269030
868, 1.0107, 0.168, 269340
869, 1.00758, 0.169, 269650
870, 1.00732, 0.17, 269960
871, 1.00709, 0.17, 270270
872, 1.00378, 0.169, 270580
873, 1.00048, 0.168, 270890
874, 0.999356, 0.168, 271201
875, 0.997913, 0.167, 271511
876, 0.997284, 0.167, 271821
877, 0.998277, 0.168, 272131
878, 0.998056, 0.168, 272441
879, 0.995857, 0.168, 272751
880, 0.995606, 0.167, 273062
881, 0.994336, 0.167, 273372
882, 0.994069, 0.166, 273682
883, 0.993979, 0.166, 273992
884, 0.993005, 0.165, 274302
885, 0.992433, 0.165, 274612
886, 1.00027, 0.165, 274923
887, 1.00005, 0.165, 275233
888, 0.999844, 0.166, 275543
889, 0.999818, 0.166, 275853
890, 1.00165, 0.166, 276163
891, 1.00169, 0.167, 276473
892, 0.999512, 0.167, 276783
893, 1.00281, 0.168, 277093
894, 1.0032, 0.168, 277404
895, 1.0071, 0.17, 277714
896, 1.00234, 0.17, 278024
897, 1.00072, 0.168, 278334
898, 0.998938, 0.17, 278644
899, 1.00113, 0.172, 278954
900, 0.999, 0.17, 279265
901, 0.998776, 0.17, 279575
902, 0.997697, 0.17, 279885
903, 1.00319, 0.173, 280195
904, 1.00293, 0.173, 280505
905, 1.00267, 0.173, 280815
906, 1.00149, 0.173, 281126
907, 1.00133, 0.173, 281436
908, 1.0011, 0.173, 281746
909, 1.00061, 0.173, 282056
910, 0.998803, 0.172, 282366
911, 0.998425, 0.171, 282676
912, 0.998199, 0.171, 282986
913, 0.997851, 0.171, 283297
914, 0.996363, 0.171, 283607
915, 0.99612, 0.173, 283917
916, 0.998286, 0.173, 284227
917, 0.994417, 0.174, 284537
918, 1.01445, 0.176, 284847
919, 1.01647, 0.176, 285157
920, 1.01585, 0.173, 285468
921, 1.01761, 0.172, 285778
922, 1.01424, 0.174, 286088
923, 1.01588, 0.173, 286398
924, 1.01274, 0.169, 286708
925, 1.0168, 0.169, 287018
926, 1.01532, 0.168, 287328
927, 1.01491, 0.168, 287639
928, 1.01133, 0.168, 287949
929, 1.00812, 0.169, 288259
930, 1.0053, 0.167, 288569
931, 1.00394, 0.168, 288879
932, 1.00658, 0.169, 289189
933, 1.00715, 0.169, 289500
934, 1.00581, 0.17, 289809
935, 1.00534, 0.17, 290120
936, 1.00794, 0.172, 290430
937, 1.00765, 0.172, 290740
938, 1.0074, 0.172, 291050
939, 1.00622, 0.173, 291360
940, 1.00728, 0.17, 291670
941, 0.99731, 0.169, 291980
942, 0.992478, 0.168, 292290
943, 0.986617, 0.165, 292600
944, 0.984522, 0.166, 292910
945, 0.984194, 0.166, 293221
946, 0.984017, 0.165, 293531
947, 0.983295, 0.165, 293841
948, 0.983067, 0.165, 294151
949, 0.98284, 0.165, 294461
950, 0.98429, 0.166, 294771
951, 0.975897, 0.163, 295082
952, 0.975634, 0.162, 295392
953, 0.975217, 0.164, 295702
954, 0.977329, 0.166, 296012
955, 0.976634, 0.166, 296322
956, 0.976315, 0.166, 296632
957, 0.980543, 0.166, 296942
958, 0.977659, 0.165, 297253
959, 0.977501, 0.165, 297564
960, 0.978422, 0.166, 297874
961, 0.977108, 0.165, 298184
962, 0.976868, 0.165, 298494
963, 0.978247, 0.165, 298804
964, 0.978036, 0.166, 299115
965, 0.97739, 0.167, 299425
966, 0.977931, 0.166, 299735
967, 0.977699, 0.166, 300045
968, 0.97535, 0.165, 300355
969, 0.975081, 0.165, 300665
970, 0.972613, 0.164, 300975
971, 0.976519, 0.165, 301286
972, 0.976259, 0.165, 301596
973, 0.976031, 0.165, 301906
974, 0.975805, 0.166, 302216
975, 0.972501, 0.166, 302526
976, 0.98687, 0.168, 302836
977, 0.984687, 0.169, 303146
978, 0.980471, 0.17, 303457
979, 0.978894, 0.172, 303767
980, 0.980771, 0.171, 304077
981, 0.98043, 0.171, 304387
982, 0.980143, 0.17, 304697
983, 0.980042, 0.17, 305007
984, 0.982141, 0.171, 305317
985, 0.979276, 0.172, 305627
986, 0.976991, 0.17, 305938
987, 0.976032, 0.168, 306248
988, 0.973424, 0.169, 306558
989, 0.97343, 0.169, 306868
990, 0.97344, 0.169, 307178
991, 0.973389, 0.169, 307488
992, 0.972552, 0.169, 307798
993, 0.970026, 0.169, 308108
994, 0.976205, 0.172, 308418
995, 0.968774, 0.169, 308728
996, 0.968026, 0.168, 309038
997, 0.970571, 0.17, 309349
998, 0.969175, 0.169, 309659
999, 0.969964, 0.169, 309969
1000, 0.967337, 0.168, 310279
