epoch, cross_entropy, error, time
1, 28.4879, 0.916, 612
2, 28.4879, 0.916, 1225
3, 15.7437, 0.9, 1837
4, 8.92039, 0.853, 2449
5, 10.3575, 0.831, 3061
6, 7.46646, 0.869, 3673
7, 7.34593, 0.889, 4286
8, 7.19969, 0.841, 4898
9, 6.44182, 0.827, 5510
10, 5.41361, 0.82, 6122
11, 4.08917, 0.756, 6736
12, 3.81938, 0.761, 7349
13, 3.6059, 0.686, 7961
14, 3.91736, 0.705, 8573
15, 3.74169, 0.799, 9185
16, 3.72303, 0.748, 9797
17, 3.36779, 0.741, 10409
18, 3.42678, 0.729, 11022
19, 3.25845, 0.699, 11634
20, 3.36734, 0.72, 12247
21, 3.20546, 0.665, 12859
22, 3.18525, 0.691, 13471
23, 2.98193, 0.683, 14083
24, 2.8736, 0.621, 14695
25, 3.00293, 0.659, 15307
26, 2.90345, 0.65, 15919
27, 3.0931, 0.677, 16531
28, 2.7567, 0.62, 17143
29, 3.03351, 0.605, 17755
30, 2.67833, 0.599, 18368
31, 2.70068, 0.624, 18981
32, 2.57986, 0.587, 19594
33, 2.53039, 0.6, 20206
34, 2.46145, 0.537, 20818
35, 2.45424, 0.575, 21430
36, 2.41401, 0.53, 22043
37, 2.3413, 0.541, 22655
38, 2.19363, 0.487, 23268
39, 2.19314, 0.471, 23881
40, 2.14565, 0.489, 24493
41, 2.17098, 0.462, 25106
42, 2.13864, 0.477, 25718
43, 2.14567, 0.456, 26331
44, 2.08577, 0.46, 26944
45, 2.06128, 0.449, 27556
46, 2.02288, 0.458, 28168
47, 1.99989, 0.447, 28781
48, 1.94743, 0.428, 29393
49, 2.02227, 0.418, 30005
50, 1.95673, 0.412, 30617
51, 1.90369, 0.397, 31229
52, 1.8665, 0.401, 31841
53, 1.89655, 0.4, 32453
54, 1.87427, 0.4, 33065
55, 1.88831, 0.406, 33677
56, 1.86975, 0.393, 34293
57, 1.82508, 0.38, 34905
58, 1.81041, 0.38, 35517
59, 1.8225, 0.377, 36129
60, 1.87964, 0.393, 36742
61, 1.87157, 0.371, 37355
62, 1.98781, 0.408, 37968
63, 1.91945, 0.383, 38580
64, 1.99379, 0.417, 39192
65, 2.02576, 0.37, 39805
66, 1.82084, 0.358, 40417
67, 1.7194, 0.329, 41032
68, 1.84501, 0.335, 41648
69, 1.78543, 0.303, 42261
70, 1.96051, 0.354, 42873
71, 1.72652, 0.332, 43485
72, 1.75742, 0.308, 44097
73, 1.592, 0.312, 44710
74, 1.63206, 0.318, 45322
75, 1.71584, 0.318, 45935
76, 1.74543, 0.31, 46547
77, 2.06311, 0.319, 47159
78, 1.47127, 0.3, 47772
79, 1.49912, 0.291, 48384
80, 1.59454, 0.299, 48996
81, 1.49408, 0.285, 49609
82, 1.48642, 0.293, 50220
83, 1.76236, 0.34, 50833
84, 1.65292, 0.349, 51445
85, 1.80947, 0.331, 52057
86, 1.73974, 0.308, 52670
87, 1.57034, 0.278, 53282
88, 1.53469, 0.264, 53895
89, 1.48478, 0.258, 54507
90, 1.49709, 0.262, 55120
91, 1.48065, 0.256, 55732
92, 1.53504, 0.285, 56345
93, 1.44665, 0.245, 56957
94, 1.45693, 0.262, 57570
95, 1.41805, 0.243, 58184
96, 1.46015, 0.254, 58796
97, 1.3644, 0.233, 59408
98, 1.52344, 0.25, 60020
99, 1.4461, 0.238, 60633
100, 1.52114, 0.263, 61245
101, 1.41873, 0.227, 61858
102, 1.63609, 0.268, 62470
103, 1.52457, 0.248, 63083
104, 1.67733, 0.29, 63695
105, 1.62762, 0.272, 64308
106, 1.44432, 0.262, 64920
107, 1.40049, 0.234, 65533
108, 1.48748, 0.267, 66145
109, 1.70107, 0.26, 66758
110, 1.76708, 0.275, 67370
111, 1.72489, 0.259, 67982
112, 1.34918, 0.237, 68595
113, 1.39548, 0.232, 69207
114, 1.79605, 0.272, 69819
115, 1.36706, 0.217, 70432
116, 1.39733, 0.239, 71044
117, 1.52026, 0.246, 71659
118, 2.18988, 0.278, 72279
119, 1.57164, 0.231, 72892
120, 1.62308, 0.219, 73505
121, 1.7107, 0.25, 74117
122, 2.21777, 0.274, 74730
123, 1.44212, 0.212, 75342
124, 1.51345, 0.218, 75954
125, 1.47331, 0.222, 76566
126, 1.56055, 0.243, 77178
127, 1.75957, 0.254, 77790
128, 1.52556, 0.217, 78402
129, 1.39954, 0.208, 79014
130, 1.46002, 0.231, 79626
131, 1.27253, 0.204, 80238
132, 1.3279, 0.217, 80850
133, 1.24957, 0.196, 81463
134, 1.22847, 0.197, 82078
135, 1.17596, 0.183, 82690
136, 1.35701, 0.222, 83302
137, 1.2626, 0.189, 83914
138, 1.25685, 0.209, 84527
139, 1.25009, 0.189, 85139
140, 1.21041, 0.198, 85751
141, 1.26182, 0.198, 86363
142, 1.1995, 0.197, 86975
143, 1.14144, 0.187, 87587
144, 1.12384, 0.179, 88199
145, 1.09102, 0.176, 88812
146, 1.08812, 0.169, 89424
147, 1.11973, 0.17, 90036
148, 1.10388, 0.164, 90648
149, 1.07639, 0.165, 91260
150, 1.04359, 0.146, 91872
151, 1.07789, 0.165, 92484
152, 1.15106, 0.175, 93096
153, 1.12262, 0.171, 93709
154, 1.17851, 0.186, 94321
155, 1.15126, 0.187, 94943
156, 1.1919, 0.183, 95555
157, 1.29747, 0.201, 96167
158, 1.08386, 0.163, 96779
159, 1.07101, 0.164, 97391
160, 1.06288, 0.158, 98003
161, 1.06492, 0.159, 98615
162, 1.04605, 0.148, 99227
163, 1.04235, 0.155, 99839
164, 1.11896, 0.176, 100451
165, 1.0676, 0.162, 101063
166, 1.04194, 0.168, 101675
167, 1.06731, 0.154, 102288
168, 1.07164, 0.172, 102899
169, 1.06721, 0.167, 103511
170, 1.07121, 0.171, 104123
171, 1.0882, 0.174, 104736
172, 1.09333, 0.18, 105348
173, 1.14045, 0.19, 105960
174, 1.0819, 0.177, 106572
175, 1.1121, 0.186, 107184
176, 1.07576, 0.185, 107796
177, 1.07529, 0.177, 108408
178, 1.04178, 0.173, 109020
179, 1.01999, 0.152, 109632
180, 1.01643, 0.162, 110244
181, 1.04849, 0.164, 110856
182, 0.988008, 0.15, 111468
183, 1.0074, 0.154, 112080
184, 0.967866, 0.141, 112692
185, 0.967258, 0.154, 113305
186, 0.93401, 0.129, 113916
187, 0.927785, 0.133, 114529
188, 0.920516, 0.128, 115141
189, 0.948415, 0.145, 115753
190, 0.932799, 0.14, 116365
191, 0.929773, 0.144, 116977
192, 0.935644, 0.141, 117589
193, 0.94688, 0.138, 118201
194, 0.959222, 0.147, 118813
195, 0.934678, 0.141, 119425
196, 0.931793, 0.141, 120037
197, 0.907227, 0.134, 120649
198, 0.914609, 0.136, 121261
199, 0.910988, 0.136, 121874
200, 1.18578, 0.183, 122486
201, 1.12616, 0.164, 123098
202, 1.13499, 0.177, 123710
203, 1.32726, 0.186, 124322
204, 1.18584, 0.168, 124934
205, 1.37922, 0.192, 125546
206, 1.29667, 0.184, 126158
207, 1.41423, 0.211, 126770
208, 1.33471, 0.186, 127382
209, 1.46214, 0.217, 127995
210, 1.24505, 0.175, 128608
211, 1.30764, 0.198, 129220
212, 1.25779, 0.185, 129832
213, 1.27281, 0.198, 130444
214, 1.16977, 0.176, 131056
215, 1.28327, 0.202, 131668
216, 1.22128, 0.177, 132280
217, 1.37662, 0.202, 132893
218, 1.34645, 0.21, 133505
219, 1.47298, 0.224, 134117
220, 1.12559, 0.176, 134729
221, 1.17587, 0.175, 135341
222, 1.17251, 0.185, 135953
223, 1.21148, 0.188, 136565
224, 1.12002, 0.178, 137177
225, 1.24248, 0.199, 137789
226, 1.12307, 0.181, 138401
227, 1.1045, 0.174, 139013
228, 1.02075, 0.164, 139625
229, 1.04061, 0.164, 140238
230, 1.01502, 0.167, 140850
231, 1.09233, 0.181, 141462
232, 1.0199, 0.166, 142074
233, 1.11996, 0.176, 142686
234, 1.09233, 0.176, 143298
235, 1.24284, 0.216, 143910
236, 1.12529, 0.19, 144522
237, 1.21818, 0.196, 145134
238, 1.11892, 0.17, 145746
239, 1.05289, 0.167, 146358
240, 1.0534, 0.163, 146970
241, 1.0312, 0.159, 147582
242, 1.05806, 0.154, 148194
243, 1.09759, 0.169, 148806
244, 1.16078, 0.18, 149418
245, 1.16686, 0.19, 150030
246, 1.19594, 0.191, 150643
247, 1.23138, 0.214, 151255
248, 1.10879, 0.171, 151867
249, 1.07566, 0.18, 152479
250, 1.08376, 0.169, 153091
251, 1.00808, 0.17, 153703
252, 1.09926, 0.179, 154316
253, 1.14036, 0.202, 154927
254, 1.15228, 0.182, 155540
255, 1.10672, 0.184, 156152
256, 1.00157, 0.162, 156764
257, 0.994274, 0.167, 157376
258, 0.952776, 0.155, 157988
259, 0.953007, 0.16, 158600
260, 1.02546, 0.177, 159212
261, 0.983329, 0.155, 159824
262, 0.96663, 0.164, 160436
263, 0.964797, 0.166, 161048
264, 1.02412, 0.176, 161661
265, 0.968864, 0.166, 162273
266, 0.99184, 0.167, 162885
267, 0.90577, 0.152, 163497
268, 0.870053, 0.144, 164109
269, 0.832947, 0.128, 164721
270, 0.85366, 0.132, 165333
271, 0.818857, 0.129, 165945
272, 0.816758, 0.127, 166557
273, 0.785051, 0.123, 167169
274, 0.789586, 0.125, 167781
275, 0.768221, 0.125, 168393
276, 0.756643, 0.116, 169005
277, 0.755009, 0.118, 169617
278, 0.759354, 0.121, 170229
279, 0.754599, 0.12, 170841
280, 0.761878, 0.125, 171453
281, 0.763589, 0.122, 172065
282, 0.761337, 0.123, 172677
283, 0.760361, 0.126, 173289
284, 0.745629, 0.12, 173901
285, 0.74432, 0.124, 174513
286, 0.853035, 0.135, 175125
287, 0.829551, 0.131, 175737
288, 0.855542, 0.138, 176349
289, 0.821163, 0.126, 176961
290, 0.845776, 0.138, 177573
291, 0.847163, 0.13, 178184
292, 0.848796, 0.135, 178796
293, 0.818844, 0.128, 179408
294, 0.861574, 0.133, 180020
295, 0.824966, 0.129, 180632
296, 0.932732, 0.142, 181244
297, 0.834625, 0.127, 181856
298, 0.867887, 0.137, 182468
299, 0.798651, 0.122, 183080
300, 0.813336, 0.129, 183692
301, 0.776154, 0.112, 184304
302, 0.789174, 0.119, 184916
303, 0.744274, 0.113, 185528
304, 0.765715, 0.118, 186140
305, 0.749763, 0.114, 186752
306, 0.772679, 0.12, 187363
307, 0.750117, 0.112, 187976
308, 0.842278, 0.135, 188587
309, 0.829304, 0.144, 189200
310, 0.868303, 0.142, 189811
311, 0.838747, 0.14, 190423
312, 0.8204, 0.131, 191035
313, 0.809239, 0.135, 191648
314, 0.874438, 0.144, 192260
315, 0.835023, 0.127, 192872
316, 0.849034, 0.14, 193484
317, 0.803776, 0.121, 194096
318, 0.851454, 0.141, 194708
319, 0.804703, 0.124, 195320
320, 0.801262, 0.139, 195932
321, 0.781053, 0.125, 196544
322, 0.792138, 0.138, 197156
323, 0.862577, 0.153, 197768
324, 0.814472, 0.135, 198380
325, 1.03453, 0.174, 198992
326, 0.958002, 0.149, 199604
327, 1.02487, 0.168, 200216
328, 0.939084, 0.149, 200828
329, 0.996499, 0.167, 201440
330, 0.944566, 0.153, 202052
331, 0.908972, 0.138, 202664
332, 0.922401, 0.147, 203276
333, 0.889672, 0.14, 203888
334, 0.898381, 0.146, 204500
335, 0.859686, 0.138, 205112
336, 0.892516, 0.142, 205724
337, 0.888504, 0.142, 206336
338, 0.923869, 0.146, 206948
339, 0.842565, 0.13, 207560
340, 0.884483, 0.142, 208172
341, 0.861752, 0.13, 208784
342, 0.898137, 0.149, 209396
343, 0.948632, 0.143, 210008
344, 0.989146, 0.164, 210620
345, 0.884366, 0.137, 211232
346, 0.892519, 0.149, 211844
347, 0.908484, 0.14, 212456
348, 0.817361, 0.137, 213069
349, 0.788949, 0.126, 213681
350, 0.774901, 0.133, 214293
351, 0.794184, 0.135, 214905
352, 0.772614, 0.124, 215517
353, 0.781322, 0.127, 216129
354, 0.760482, 0.126, 216741
355, 0.770104, 0.123, 217353
356, 0.7453, 0.114, 217965
357, 0.732023, 0.112, 218577
358, 0.896796, 0.149, 219189
359, 0.909218, 0.124, 219801
360, 0.895674, 0.134, 220413
361, 0.873433, 0.12, 221025
362, 0.877611, 0.131, 221638
363, 0.860919, 0.117, 222250
364, 0.884883, 0.13, 222862
365, 0.938562, 0.15, 223474
366, 0.923235, 0.148, 224086
367, 0.858058, 0.123, 224698
368, 0.84261, 0.138, 225310
369, 0.804341, 0.115, 225922
370, 0.795349, 0.134, 226534
371, 0.76891, 0.125, 227146
372, 0.765823, 0.128, 227758
373, 0.745916, 0.114, 228370
374, 0.774385, 0.134, 228982
375, 0.763154, 0.119, 229594
376, 0.822251, 0.143, 230206
377, 0.816905, 0.135, 230819
378, 0.798607, 0.131, 231431
379, 0.774722, 0.114, 232043
380, 0.767216, 0.124, 232655
381, 0.762033, 0.12, 233267
382, 0.761505, 0.121, 233879
383, 0.738613, 0.112, 234491
384, 0.735158, 0.111, 235103
385, 0.718687, 0.106, 235715
386, 0.714248, 0.108, 236327
387, 0.705727, 0.107, 236939
388, 0.710393, 0.112, 237551
389, 0.698271, 0.114, 238163
390, 0.84584, 0.137, 238775
391, 0.81653, 0.125, 239387
392, 0.822613, 0.123, 239999
393, 0.798221, 0.122, 240611
394, 0.789809, 0.117, 241223
395, 0.764343, 0.114, 241835
396, 0.726405, 0.104, 242447
397, 0.712166, 0.102, 243059
398, 0.696004, 0.104, 243671
399, 0.689918, 0.105, 244283
400, 0.782133, 0.119, 244895
401, 0.844845, 0.124, 245507
402, 0.845057, 0.135, 246119
403, 0.832227, 0.131, 246731
404, 0.800201, 0.12, 247343
405, 0.804663, 0.124, 247955
406, 0.772784, 0.114, 248567
407, 0.741951, 0.109, 249179
408, 0.740915, 0.112, 249791
409, 0.755182, 0.107, 250403
410, 0.766929, 0.115, 251014
411, 0.825162, 0.115, 251628
412, 0.817264, 0.119, 252255
413, 0.921506, 0.137, 252867
414, 0.770795, 0.118, 253479
415, 0.841092, 0.125, 254091
416, 0.748634, 0.119, 254703
417, 0.832714, 0.126, 255315
418, 0.740589, 0.119, 255927
419, 0.791161, 0.121, 256539
420, 0.740299, 0.116, 257151
421, 0.783953, 0.124, 257763
422, 0.730655, 0.116, 258375
423, 0.803003, 0.131, 258987
424, 0.751635, 0.127, 259599
425, 0.781753, 0.129, 260211
426, 0.785577, 0.13, 260823
427, 0.782777, 0.128, 261435
428, 0.782836, 0.127, 262047
429, 0.809002, 0.132, 262659
430, 0.807358, 0.135, 263271
431, 0.870177, 0.14, 263883
432, 0.86018, 0.143, 264495
433, 0.971311, 0.153, 265107
434, 0.928756, 0.152, 265719
435, 1.07894, 0.162, 266331
436, 0.916336, 0.148, 266943
437, 1.03015, 0.161, 267555
438, 0.892908, 0.148, 268167
439, 0.964491, 0.154, 268779
440, 0.944332, 0.162, 269391
441, 0.985141, 0.157, 270003
442, 0.848466, 0.147, 270615
443, 0.849269, 0.136, 271227
444, 0.784785, 0.131, 271839
445, 0.781353, 0.122, 272451
446, 0.81431, 0.138, 273063
447, 0.855219, 0.14, 273675
448, 0.864035, 0.138, 274288
449, 0.878892, 0.144, 274899
450, 0.994241, 0.162, 275511
451, 0.965446, 0.164, 276123
452, 1.0856, 0.164, 276736
453, 0.921738, 0.15, 277348
454, 0.973272, 0.156, 277960
455, 0.922114, 0.154, 278572
456, 0.947903, 0.152, 279184
457, 0.930538, 0.167, 279796
458, 0.960156, 0.158, 280408
459, 1.10484, 0.196, 281020
460, 1.12154, 0.187, 281632
461, 1.15579, 0.194, 282244
462, 1.10971, 0.18, 282856
463, 1.19101, 0.195, 283468
464, 1.04623, 0.172, 284080
465, 1.13324, 0.186, 284692
466, 0.98357, 0.162, 285304
467, 1.05976, 0.166, 285916
468, 0.913515, 0.15, 286528
469, 1.20317, 0.194, 287140
470, 1.07452, 0.175, 287752
471, 1.39368, 0.215, 288364
472, 1.00508, 0.164, 288976
473, 1.06057, 0.173, 289588
474, 1.334, 0.215, 290200
475, 1.45939, 0.224, 290812
476, 1.43944, 0.217, 291424
477, 1.31668, 0.212, 292036
478, 1.36426, 0.223, 292648
479, 1.40331, 0.222, 293260
480, 1.28502, 0.198, 293872
481, 1.19704, 0.21, 294484
482, 1.09998, 0.183, 295095
483, 1.0992, 0.18, 295707
484, 0.985638, 0.167, 296321
485, 1.05086, 0.172, 296933
486, 0.963696, 0.161, 297545
487, 1.05639, 0.173, 298157
488, 0.92393, 0.15, 298769
489, 1.14585, 0.176, 299381
490, 1.02297, 0.167, 299993
491, 1.04279, 0.169, 300605
492, 0.966696, 0.148, 301217
493, 0.997383, 0.164, 301829
494, 1.2764, 0.213, 302441
495, 1.3788, 0.197, 303053
496, 0.978275, 0.184, 303665
497, 1.05819, 0.179, 304277
498, 0.993151, 0.172, 304889
499, 1.02107, 0.161, 305501
500, 1.07277, 0.173, 306113
501, 1.02393, 0.164, 306725
502, 1.09361, 0.174, 307337
503, 0.981271, 0.163, 307949
504, 1.18322, 0.195, 308561
505, 1.28245, 0.188, 309173
506, 1.3705, 0.227, 309785
507, 1.15316, 0.177, 310397
508, 1.14135, 0.203, 311009
509, 1.15474, 0.17, 311623
510, 1.16956, 0.208, 312235
511, 1.13769, 0.178, 312847
512, 1.59932, 0.271, 313459
513, 1.51619, 0.217, 314071
514, 1.12996, 0.192, 314683
515, 1.27466, 0.2, 315295
516, 1.32921, 0.213, 315907
517, 1.43941, 0.217, 316519
518, 1.24389, 0.207, 317131
519, 1.36897, 0.205, 317743
520, 1.00341, 0.164, 318355
521, 0.926001, 0.144, 318967
522, 0.991231, 0.169, 319579
523, 0.968426, 0.165, 320191
524, 1.07374, 0.184, 320803
525, 1.08597, 0.183, 321415
526, 1.00665, 0.167, 322027
527, 1.06754, 0.188, 322639
528, 1.14667, 0.188, 323251
529, 1.19905, 0.188, 323863
530, 0.973114, 0.169, 324475
531, 0.987605, 0.179, 325087
532, 1.02898, 0.182, 325699
533, 1.12106, 0.189, 326311
534, 1.02332, 0.179, 326923
535, 1.04376, 0.183, 327536
536, 0.977306, 0.17, 328147
537, 1.00037, 0.173, 328759
538, 0.914022, 0.156, 329372
539, 1.04437, 0.188, 329984
540, 0.914047, 0.145, 330596
541, 0.90476, 0.156, 331207
542, 0.878288, 0.142, 331820
543, 0.883257, 0.153, 332432
544, 0.853843, 0.139, 333044
545, 0.937031, 0.166, 333656
546, 0.839939, 0.143, 334268
547, 0.837138, 0.149, 334880
548, 0.809977, 0.142, 335492
549, 0.812008, 0.145, 336104
550, 0.789978, 0.138, 336716
551, 0.786501, 0.143, 337328
552, 0.777743, 0.132, 337940
553, 0.796918, 0.143, 338552
554, 0.778424, 0.131, 339164
555, 0.791469, 0.141, 339776
556, 0.782019, 0.138, 340388
557, 0.789895, 0.144, 341000
558, 0.765741, 0.13, 341612
559, 0.765113, 0.133, 342224
560, 0.752202, 0.132, 342836
561, 0.764781, 0.136, 343448
562, 0.755382, 0.137, 344060
563, 0.786714, 0.142, 344672
564, 0.765777, 0.144, 345284
565, 0.756428, 0.134, 345896
566, 0.745343, 0.141, 346508
567, 0.740204, 0.134, 347120
568, 0.729864, 0.133, 347732
569, 0.724, 0.131, 348344
570, 0.715671, 0.13, 348956
571, 0.702992, 0.123, 349568
572, 0.692339, 0.125, 350180
573, 0.687823, 0.114, 350792
574, 0.6857, 0.116, 351404
575, 0.679563, 0.113, 352016
576, 0.677908, 0.114, 352628
577, 0.672459, 0.111, 353240
578, 0.668014, 0.114, 353852
579, 0.671284, 0.109, 354464
580, 0.671951, 0.111, 355076
581, 0.665927, 0.106, 355688
582, 0.679925, 0.106, 356300
583, 0.688422, 0.1, 356912
584, 0.685204, 0.106, 357524
585, 0.676787, 0.1, 358136
586, 0.687912, 0.109, 358748
587, 0.674521, 0.102, 359360
588, 0.687308, 0.109, 359972
589, 0.677257, 0.102, 360584
590, 0.671845, 0.107, 361196
591, 0.691293, 0.102, 361808
592, 0.682028, 0.107, 362420
593, 0.664019, 0.104, 363032
594, 0.668325, 0.103, 363644
595, 0.65976, 0.104, 364256
596, 0.672014, 0.103, 364868
597, 0.656239, 0.102, 365480
598, 0.674492, 0.099, 366092
599, 0.656892, 0.103, 366704
600, 0.668127, 0.099, 367316
601, 0.669954, 0.101, 367928
602, 0.747293, 0.123, 368540
603, 0.711872, 0.108, 369152
604, 0.706956, 0.112, 369764
605, 0.690806, 0.101, 370376
606, 0.690841, 0.107, 370988
607, 0.74683, 0.109, 371601
608, 0.730005, 0.115, 372213
609, 0.720337, 0.104, 372825
610, 0.716071, 0.115, 373437
611, 0.709269, 0.105, 374049
612, 0.706846, 0.115, 374661
613, 0.694938, 0.102, 375273
614, 0.696853, 0.113, 375886
615, 0.686578, 0.101, 376497
616, 0.692148, 0.11, 377109
617, 0.684431, 0.099, 377722
618, 0.676184, 0.097, 378333
619, 0.671966, 0.099, 378945
620, 0.677102, 0.097, 379557
621, 0.667345, 0.101, 380170
622, 0.697783, 0.107, 380782
623, 0.693766, 0.109, 381394
624, 0.683322, 0.106, 382006
625, 0.698047, 0.112, 382618
626, 0.68855, 0.106, 383229
627, 0.688799, 0.113, 383842
628, 0.684863, 0.11, 384453
629, 0.682088, 0.112, 385066
630, 0.67205, 0.104, 385678
631, 0.669605, 0.108, 386290
632, 0.665067, 0.103, 386901
633, 0.664845, 0.115, 387514
634, 0.658068, 0.099, 388125
635, 0.656253, 0.1, 388738
636, 0.653611, 0.095, 389349
637, 0.654213, 0.103, 389962
638, 0.65094, 0.099, 390573
639, 0.651328, 0.1, 391185
640, 0.652655, 0.1, 391797
641, 0.647393, 0.105, 392409
642, 0.653843, 0.099, 393021
643, 0.650833, 0.102, 393633
644, 0.650525, 0.099, 394245
645, 0.654141, 0.106, 394857
646, 0.676109, 0.109, 395469
647, 0.670905, 0.115, 396082
648, 0.658402, 0.105, 396693
649, 0.660298, 0.114, 397306
650, 0.659257, 0.107, 397917
651, 0.651793, 0.109, 398530
652, 0.65853, 0.108, 399142
653, 0.662022, 0.106, 399754
654, 0.645218, 0.101, 400366
655, 0.631332, 0.1, 400978
656, 0.62622, 0.104, 401590
657, 0.620416, 0.102, 402202
658, 0.619674, 0.102, 402814
659, 0.632256, 0.101, 403426
660, 0.637903, 0.104, 404038
661, 0.656277, 0.109, 404649
662, 0.645393, 0.109, 405261
663, 0.642342, 0.109, 405873
664, 0.642643, 0.107, 406485
665, 0.646115, 0.112, 407097
666, 0.646985, 0.11, 407709
667, 0.647627, 0.112, 408321
668, 0.640043, 0.109, 408933
669, 0.644936, 0.108, 409545
670, 0.638877, 0.107, 410157
671, 0.637307, 0.109, 410769
672, 0.629451, 0.108, 411381
673, 0.68379, 0.116, 411993
674, 0.675116, 0.117, 412605
675, 0.662412, 0.115, 413217
676, 0.683763, 0.124, 413829
677, 0.67853, 0.105, 414441
678, 0.684506, 0.121, 415053
679, 0.701439, 0.116, 415665
680, 0.72217, 0.125, 416277
681, 0.7839, 0.135, 416888
682, 0.803468, 0.141, 417500
683, 0.930861, 0.157, 418112
684, 0.750986, 0.126, 418724
685, 0.797148, 0.134, 419336
686, 0.781414, 0.127, 419948
687, 0.855074, 0.146, 420560
688, 0.7736, 0.13, 421172
689, 0.75635, 0.125, 421784
690, 0.764219, 0.141, 422396
691, 0.718093, 0.114, 423007
692, 0.709594, 0.11, 423620
693, 0.702559, 0.11, 424231
694, 0.701335, 0.112, 424843
695, 0.708166, 0.112, 425455
696, 0.732292, 0.123, 426067
697, 0.710492, 0.113, 426679
698, 0.690652, 0.111, 427291
699, 0.684686, 0.106, 427902
700, 0.651406, 0.104, 428514
701, 0.661197, 0.106, 429126
702, 0.651435, 0.107, 429738
703, 0.650127, 0.102, 430350
704, 0.639681, 0.103, 430962
705, 0.667359, 0.101, 431574
706, 0.793215, 0.126, 432187
707, 0.760584, 0.105, 432798
708, 0.795482, 0.123, 433410
709, 0.7654, 0.099, 434022
710, 0.809485, 0.117, 434634
711, 0.766573, 0.1, 435246
712, 0.823608, 0.119, 435858
713, 0.826987, 0.111, 436469
714, 1.0055, 0.14, 437081
715, 0.793508, 0.104, 437693
716, 0.880353, 0.126, 438305
717, 0.900564, 0.125, 438917
718, 1.10458, 0.181, 439529
719, 0.886892, 0.117, 440141
720, 0.887046, 0.141, 440753
721, 0.986184, 0.123, 441365
722, 0.994811, 0.159, 441980
723, 1.27376, 0.165, 442599
724, 1.23589, 0.188, 443211
725, 1.0283, 0.15, 443823
726, 0.8607, 0.133, 444435
727, 0.851814, 0.128, 445047
728, 0.895683, 0.125, 445659
729, 0.950266, 0.142, 446271
730, 1.1277, 0.169, 446883
731, 0.842889, 0.131, 447494
732, 0.954504, 0.142, 448106
733, 1.12768, 0.172, 448718
734, 1.33952, 0.191, 449330
735, 1.12527, 0.167, 449942
736, 0.895242, 0.135, 450554
737, 0.996846, 0.157, 451166
738, 1.04843, 0.159, 451778
739, 0.974417, 0.166, 452390
740, 1.11672, 0.172, 453001
741, 0.805797, 0.135, 453614
742, 0.835428, 0.135, 454225
743, 0.848715, 0.145, 454837
744, 0.974546, 0.153, 455449
745, 0.805776, 0.137, 456061
746, 0.921528, 0.154, 456673
747, 0.863845, 0.149, 457285
748, 1.02039, 0.166, 457897
749, 0.813603, 0.145, 458509
750, 0.934759, 0.152, 459121
751, 0.811498, 0.144, 459733
752, 0.93411, 0.147, 460345
753, 0.799757, 0.149, 460957
754, 0.909367, 0.143, 461569
755, 0.772398, 0.14, 462181
756, 0.865668, 0.133, 462792
757, 0.763023, 0.137, 463404
758, 0.839244, 0.128, 464016
759, 0.744833, 0.126, 464628
760, 0.82741, 0.126, 465240
761, 0.734669, 0.124, 465852
762, 0.782969, 0.125, 466464
763, 0.699426, 0.119, 467076
764, 0.749229, 0.113, 467687
765, 0.703558, 0.118, 468300
766, 0.697255, 0.112, 468911
767, 0.671129, 0.117, 469524
768, 0.660794, 0.11, 470135
769, 0.644203, 0.103, 470747
770, 0.613805, 0.104, 471359
771, 0.613062, 0.106, 471971
772, 0.602444, 0.102, 472583
773, 0.601844, 0.102, 473195
774, 0.77927, 0.147, 473807
775, 0.717951, 0.112, 474419
776, 0.697336, 0.131, 475031
777, 0.718531, 0.112, 475643
778, 0.71778, 0.134, 476255
779, 0.701196, 0.104, 476867
780, 0.680603, 0.121, 477479
781, 0.671075, 0.101, 478091
782, 0.667113, 0.117, 478702
783, 0.656064, 0.103, 479314
784, 0.63579, 0.112, 479926
785, 0.630274, 0.103, 480538
786, 0.624171, 0.109, 481150
787, 0.616881, 0.102, 481762
788, 0.617915, 0.108, 482374
789, 0.609741, 0.103, 482986
790, 0.608469, 0.106, 483598
791, 0.602954, 0.103, 484210
792, 0.593564, 0.103, 484822
793, 0.618739, 0.106, 485435
794, 0.616238, 0.109, 486047
795, 0.619386, 0.103, 486658
796, 0.61198, 0.108, 487270
797, 0.624367, 0.112, 487883
798, 0.605125, 0.101, 488494
799, 0.625543, 0.111, 489106
800, 0.613671, 0.102, 489719
801, 0.620658, 0.108, 490330
802, 0.68653, 0.117, 490942
803, 0.660498, 0.116, 491555
804, 0.659971, 0.116, 492167
805, 0.696349, 0.121, 492779
806, 0.72275, 0.126, 493391
807, 0.734584, 0.122, 494003
808, 0.812309, 0.139, 494615
809, 0.853901, 0.145, 495227
810, 0.956269, 0.161, 495839
811, 0.766365, 0.13, 496451
812, 0.782725, 0.13, 497063
813, 0.746576, 0.122, 497675
814, 0.739825, 0.119, 498287
815, 0.707652, 0.122, 498899
816, 0.707873, 0.116, 499511
817, 0.688477, 0.112, 500123
818, 0.695304, 0.111, 500735
819, 0.668356, 0.109, 501347
820, 0.692564, 0.114, 501959
821, 0.659136, 0.103, 502571
822, 0.635791, 0.108, 503183
823, 0.613511, 0.099, 503795
824, 0.601074, 0.099, 504407
825, 0.606428, 0.093, 505019
826, 0.601578, 0.099, 505631
827, 0.588007, 0.092, 506243
828, 0.627553, 0.105, 506855
829, 0.591472, 0.095, 507467
830, 0.596176, 0.091, 508079
831, 0.585048, 0.101, 508691
832, 0.584201, 0.096, 509303
833, 0.585083, 0.1, 509915
834, 0.579123, 0.094, 510527
835, 0.57653, 0.097, 511139
836, 0.583473, 0.1, 511751
837, 0.567697, 0.094, 512363
838, 0.564554, 0.095, 512974
839, 0.571553, 0.092, 513586
840, 0.570517, 0.094, 514198
841, 0.589639, 0.098, 514810
842, 0.587707, 0.096, 515422
843, 0.606412, 0.102, 516034
844, 0.612664, 0.1, 516646
845, 0.631676, 0.097, 517258
846, 0.669705, 0.104, 517870
847, 0.701501, 0.111, 518482
848, 0.818653, 0.133, 519094
849, 0.649903, 0.1, 519706
850, 0.694971, 0.108, 520318
851, 0.651184, 0.102, 520930
852, 0.702912, 0.11, 521542
853, 0.639919, 0.101, 522154
854, 0.676584, 0.108, 522766
855, 0.621926, 0.101, 523378
856, 0.643411, 0.1, 523989
857, 0.614269, 0.098, 524601
858, 0.623274, 0.101, 525213
859, 0.60178, 0.094, 525825
860, 0.604137, 0.09, 526437
861, 0.583447, 0.089, 527049
862, 0.579252, 0.09, 527661
863, 0.55961, 0.087, 528273
864, 0.552792, 0.089, 528885
865, 0.539038, 0.078, 529497
866, 0.535501, 0.086, 530108
867, 0.524626, 0.073, 530720
868, 0.532231, 0.085, 531332
869, 0.540952, 0.08, 531944
870, 0.52097, 0.081, 532555
871, 0.511356, 0.073, 533167
872, 0.504987, 0.077, 533779
873, 0.489549, 0.066, 534391
874, 0.490679, 0.07, 535001
875, 0.478806, 0.066, 535612
876, 0.481275, 0.065, 536223
877, 0.480421, 0.067, 536834
878, 0.479981, 0.066, 537445
879, 0.476835, 0.066, 538056
880, 0.477145, 0.066, 538667
881, 0.472956, 0.066, 539278
882, 0.470928, 0.065, 539889
883, 0.469834, 0.065, 540500
884, 0.466923, 0.065, 541111
885, 0.466369, 0.063, 541722
886, 0.468533, 0.068, 542333
887, 0.470837, 0.069, 542944
888, 0.465431, 0.066, 543555
889, 0.465921, 0.067, 544166
890, 0.463068, 0.065, 544777
891, 0.462554, 0.065, 545388
892, 0.461665, 0.064, 545999
893, 0.462002, 0.067, 546610
894, 0.463338, 0.067, 547221
895, 0.457752, 0.062, 547832
896, 0.455782, 0.063, 548443
897, 0.470804, 0.066, 549054
898, 0.469006, 0.066, 549665
899, 0.469593, 0.067, 550276
900, 0.469724, 0.069, 550887
901, 0.470723, 0.067, 551498
902, 0.467124, 0.066, 552110
903, 0.466515, 0.066, 552721
904, 0.465891, 0.066, 553332
905, 0.46517, 0.066, 553943
906, 0.463605, 0.065, 554554
907, 0.463111, 0.065, 555165
908, 0.462778, 0.063, 555776
909, 0.461721, 0.066, 556387
910, 0.462495, 0.064, 556998
911, 0.482055, 0.069, 557609
912, 0.476032, 0.07, 558220
913, 0.472847, 0.07, 558831
914, 0.47007, 0.069, 559442
915, 0.467154, 0.07, 560053
916, 0.465574, 0.068, 560664
917, 0.465647, 0.07, 561276
918, 0.465036, 0.07, 561887
919, 0.465033, 0.069, 562497
920, 0.527713, 0.079, 563108
921, 0.517734, 0.085, 563719
922, 0.50187, 0.074, 564330
923, 0.497597, 0.082, 564941
924, 0.49238, 0.073, 565552
925, 0.495946, 0.077, 566163
926, 0.486759, 0.069, 566774
927, 0.49023, 0.077, 567385
928, 0.491213, 0.071, 567996
929, 0.489635, 0.074, 568606
930, 0.485204, 0.074, 569217
931, 0.483243, 0.072, 569828
932, 0.483952, 0.074, 570439
933, 0.481133, 0.071, 571050
934, 0.483563, 0.075, 571661
935, 0.486478, 0.07, 572271
936, 0.487008, 0.073, 572882
937, 0.493865, 0.071, 573493
938, 0.48701, 0.073, 574104
939, 0.490751, 0.069, 574714
940, 0.489655, 0.071, 575325
941, 0.495851, 0.069, 575936
942, 0.477318, 0.073, 576547
943, 0.483755, 0.072, 577158
944, 0.468131, 0.07, 577768
945, 0.475321, 0.068, 578380
946, 0.467962, 0.068, 578990
947, 0.459697, 0.062, 579601
948, 0.451098, 0.064, 580212
949, 0.447126, 0.058, 580823
950, 0.446208, 0.059, 581433
951, 0.443868, 0.058, 582044
952, 0.446165, 0.058, 582655
953, 0.440681, 0.057, 583266
954, 0.440731, 0.06, 583876
955, 0.438668, 0.061, 584487
956, 0.436975, 0.059, 585098
957, 0.434196, 0.059, 585709
958, 0.432731, 0.058, 586320
959, 0.431606, 0.057, 586930
960, 0.430729, 0.057, 587541
961, 0.430367, 0.058, 588152
962, 0.428929, 0.057, 588763
963, 0.442293, 0.06, 589373
964, 0.435985, 0.058, 589984
965, 0.441541, 0.06, 590595
966, 0.444724, 0.06, 591206
967, 0.438387, 0.065, 591817
968, 0.437233, 0.061, 592428
969, 0.440478, 0.062, 593038
970, 0.437668, 0.058, 593649
971, 0.440799, 0.061, 594260
972, 0.43992, 0.061, 594871
973, 0.43855, 0.061, 595482
974, 0.437862, 0.06, 596092
975, 0.437968, 0.061, 596703
976, 0.436017, 0.059, 597314
977, 0.435109, 0.06, 597925
978, 0.434458, 0.06, 598536
979, 0.433751, 0.06, 599146
980, 0.433524, 0.06, 599757
981, 0.436741, 0.06, 600368
982, 0.451949, 0.066, 600979
983, 0.447537, 0.061, 601590
984, 0.438923, 0.06, 602200
985, 0.437403, 0.06, 602811
986, 0.439875, 0.061, 603422
987, 0.434627, 0.059, 604033
988, 0.433738, 0.059, 604644
989, 0.432891, 0.058, 605254
990, 0.431673, 0.058, 605865
991, 0.432489, 0.058, 606476
992, 0.431444, 0.06, 607087
993, 0.429708, 0.059, 607698
994, 0.44446, 0.065, 608309
995, 0.44453, 0.065, 608920
996, 0.443039, 0.066, 609530
997, 0.443431, 0.066, 610141
998, 0.441988, 0.064, 610752
999, 0.440556, 0.066, 611363
1000, 0.436395, 0.064, 611975
