epoch, cross_entropy, error, time
1, 24.4382, 0.905, 613
2, 24.4382, 0.905, 1226
3, 10.4214, 0.862, 1839
4, 9.10948, 0.877, 2452
5, 8.79578, 0.863, 3064
6, 8.63642, 0.849, 3677
7, 8.19732, 0.825, 4290
8, 8.07951, 0.822, 4902
9, 7.75269, 0.806, 5515
10, 7.57796, 0.8, 6127
11, 7.32746, 0.785, 6741
12, 7.11932, 0.78, 7354
13, 6.78149, 0.763, 7966
14, 6.70837, 0.751, 8579
15, 6.80472, 0.751, 9191
16, 6.65617, 0.753, 9804
17, 6.50484, 0.734, 10417
18, 6.51057, 0.729, 11030
19, 6.16597, 0.703, 11642
20, 6.05027, 0.698, 12255
21, 5.96676, 0.698, 12868
22, 5.71488, 0.689, 13481
23, 5.58748, 0.669, 14093
24, 5.41605, 0.644, 14706
25, 5.29285, 0.639, 15318
26, 5.20858, 0.636, 15931
27, 5.07283, 0.623, 16543
28, 5.06825, 0.62, 17157
29, 5.023, 0.602, 17769
30, 4.92309, 0.591, 18382
31, 4.82649, 0.587, 18995
32, 4.81837, 0.585, 19607
33, 4.71959, 0.585, 20219
34, 4.67535, 0.579, 20832
35, 4.50642, 0.562, 21445
36, 4.4501, 0.556, 22057
37, 4.3936, 0.548, 22670
38, 4.30144, 0.536, 23282
39, 4.20327, 0.526, 23896
40, 4.1332, 0.521, 24508
41, 4.08066, 0.525, 25121
42, 4.09306, 0.531, 25734
43, 4.06353, 0.519, 26346
44, 3.98295, 0.514, 26959
45, 3.94623, 0.519, 27571
46, 3.89439, 0.51, 28184
47, 3.86184, 0.53, 28796
48, 3.80069, 0.514, 29409
49, 3.75156, 0.504, 30021
50, 3.69004, 0.501, 30634
51, 3.68469, 0.491, 31246
52, 3.72303, 0.516, 31859
53, 3.58625, 0.501, 32471
54, 3.51314, 0.49, 33084
55, 3.4694, 0.481, 33697
56, 3.42604, 0.474, 34309
57, 3.42799, 0.482, 34922
58, 3.40226, 0.484, 35534
59, 3.42507, 0.47, 36147
60, 3.35258, 0.465, 36759
61, 3.38915, 0.459, 37372
62, 3.32242, 0.462, 37984
63, 3.30568, 0.466, 38597
64, 3.3055, 0.459, 39209
65, 3.24347, 0.456, 39822
66, 3.17791, 0.44, 40434
67, 3.17455, 0.432, 41048
68, 3.12338, 0.426, 41660
69, 3.02246, 0.419, 42272
70, 3.01476, 0.42, 42885
71, 3.04397, 0.43, 43498
72, 3.05366, 0.438, 44110
73, 3.08447, 0.435, 44723
74, 3.07017, 0.432, 45335
75, 3.04845, 0.422, 45948
76, 3.02655, 0.41, 46560
77, 3.14169, 0.429, 47172
78, 3.05276, 0.42, 47785
79, 2.99514, 0.402, 48397
80, 2.99894, 0.411, 49009
81, 2.9584, 0.409, 49622
82, 2.93241, 0.406, 50234
83, 2.88202, 0.406, 50847
84, 2.84027, 0.402, 51459
85, 2.86262, 0.397, 52071
86, 2.81538, 0.396, 52684
87, 2.78623, 0.393, 53296
88, 2.76439, 0.396, 53909
89, 2.73038, 0.396, 54521
90, 2.73962, 0.391, 55133
91, 2.74767, 0.395, 55746
92, 2.72641, 0.387, 56358
93, 2.708, 0.378, 56970
94, 2.705, 0.381, 57583
95, 2.75074, 0.391, 58195
96, 2.67321, 0.374, 58807
97, 2.65143, 0.373, 59419
98, 2.63616, 0.371, 60032
99, 2.60635, 0.366, 60644
100, 2.64561, 0.365, 61256
101, 2.60694, 0.358, 61869
102, 2.58016, 0.352, 62481
103, 2.55222, 0.343, 63094
104, 2.55006, 0.348, 63706
105, 2.53293, 0.341, 64318
106, 2.52168, 0.341, 64931
107, 2.50074, 0.339, 65543
108, 2.48207, 0.337, 66155
109, 2.47321, 0.335, 66768
110, 2.45305, 0.321, 67380
111, 2.43836, 0.323, 67992
112, 2.43339, 0.333, 68605
113, 2.38866, 0.339, 69218
114, 2.37614, 0.343, 69831
115, 2.35234, 0.343, 70447
116, 2.38734, 0.34, 71060
117, 2.37195, 0.342, 71673
118, 2.36842, 0.341, 72303
119, 2.35733, 0.337, 72932
120, 2.33509, 0.342, 73548
121, 2.31653, 0.327, 74173
122, 2.27179, 0.324, 74787
123, 2.24441, 0.321, 75399
124, 2.25204, 0.321, 76012
125, 2.23989, 0.32, 76624
126, 2.21961, 0.319, 77236
127, 2.23872, 0.325, 77848
128, 2.23125, 0.325, 78461
129, 2.21015, 0.315, 79073
130, 2.19782, 0.311, 79686
131, 2.16888, 0.311, 80297
132, 2.15953, 0.317, 80910
133, 2.12735, 0.311, 81522
134, 2.11558, 0.306, 82135
135, 2.09013, 0.297, 82747
136, 2.08599, 0.296, 83359
137, 2.08431, 0.298, 83975
138, 2.05813, 0.293, 84598
139, 2.04132, 0.289, 85210
140, 2.03077, 0.291, 85823
141, 2.02647, 0.293, 86435
142, 2.00991, 0.294, 87048
143, 2.00692, 0.288, 87661
144, 2.00011, 0.293, 88273
145, 1.96677, 0.281, 88885
146, 1.95666, 0.279, 89498
147, 1.94267, 0.273, 90110
148, 1.93264, 0.271, 90722
149, 1.93759, 0.273, 91334
150, 1.93997, 0.268, 91947
151, 1.94979, 0.279, 92560
152, 1.93565, 0.279, 93172
153, 1.9263, 0.282, 93785
154, 1.91257, 0.278, 94397
155, 1.90712, 0.277, 95009
156, 1.91058, 0.279, 95621
157, 1.90603, 0.284, 96234
158, 1.9004, 0.281, 96846
159, 1.9101, 0.284, 97462
160, 1.88979, 0.277, 98075
161, 1.88176, 0.279, 98687
162, 1.87094, 0.274, 99299
163, 1.86674, 0.267, 99912
164, 1.88255, 0.28, 100524
165, 1.86748, 0.281, 101137
166, 1.85206, 0.278, 101749
167, 1.84317, 0.276, 102361
168, 1.85438, 0.278, 102973
169, 1.84767, 0.277, 103586
170, 1.83831, 0.271, 104198
171, 1.8145, 0.267, 104811
172, 1.81105, 0.26, 105423
173, 1.80495, 0.258, 106035
174, 1.78802, 0.26, 106648
175, 1.78444, 0.257, 107260
176, 1.77809, 0.255, 107872
177, 1.76642, 0.251, 108485
178, 1.75972, 0.251, 109097
179, 1.76456, 0.247, 109710
180, 1.76343, 0.25, 110322
181, 1.75695, 0.247, 110934
182, 1.77125, 0.255, 111546
183, 1.76397, 0.256, 112159
184, 1.74741, 0.257, 112771
185, 1.7427, 0.249, 113384
186, 1.7406, 0.254, 113996
187, 1.72392, 0.252, 114608
188, 1.72225, 0.25, 115221
189, 1.72329, 0.251, 115835
190, 1.73101, 0.252, 116449
191, 1.72094, 0.251, 117062
192, 1.71562, 0.245, 117675
193, 1.6972, 0.243, 118288
194, 1.69024, 0.248, 118902
195, 1.69302, 0.249, 119514
196, 1.69966, 0.251, 120126
197, 1.68607, 0.249, 120739
198, 1.68069, 0.25, 121351
199, 1.67645, 0.251, 121963
200, 1.6881, 0.254, 122576
201, 1.68111, 0.256, 123188
202, 1.6729, 0.255, 123800
203, 1.6709, 0.254, 124412
204, 1.66214, 0.252, 125025
205, 1.65684, 0.252, 125637
206, 1.65093, 0.253, 126250
207, 1.63845, 0.251, 126862
208, 1.64622, 0.254, 127474
209, 1.64464, 0.252, 128087
210, 1.63917, 0.252, 128699
211, 1.6289, 0.252, 129311
212, 1.63637, 0.253, 129924
213, 1.62942, 0.255, 130536
214, 1.62838, 0.255, 131148
215, 1.62603, 0.252, 131761
216, 1.60941, 0.251, 132373
217, 1.60581, 0.246, 132985
218, 1.60053, 0.247, 133598
219, 1.63508, 0.247, 134210
220, 1.62546, 0.252, 134822
221, 1.61027, 0.253, 135435
222, 1.61108, 0.25, 136047
223, 1.61188, 0.25, 136659
224, 1.60837, 0.252, 137272
225, 1.6065, 0.251, 137884
226, 1.59492, 0.254, 138497
227, 1.59139, 0.254, 139109
228, 1.59257, 0.252, 139721
229, 1.59274, 0.249, 140333
230, 1.58746, 0.251, 140946
231, 1.56826, 0.245, 141558
232, 1.58047, 0.247, 142170
233, 1.57709, 0.244, 142782
234, 1.56369, 0.242, 143395
235, 1.56119, 0.245, 144013
236, 1.55828, 0.244, 144626
237, 1.58177, 0.249, 145238
238, 1.5725, 0.243, 145851
239, 1.57309, 0.244, 146463
240, 1.5634, 0.244, 147075
241, 1.54507, 0.239, 147687
242, 1.53438, 0.236, 148299
243, 1.54526, 0.243, 148912
244, 1.54834, 0.242, 149525
245, 1.54588, 0.24, 150137
246, 1.53761, 0.239, 150749
247, 1.53175, 0.235, 151361
248, 1.52964, 0.233, 151974
249, 1.52733, 0.233, 152586
250, 1.51709, 0.231, 153199
251, 1.5103, 0.231, 153811
252, 1.50776, 0.232, 154423
253, 1.49828, 0.233, 155036
254, 1.52991, 0.24, 155648
255, 1.5111, 0.239, 156260
256, 1.49688, 0.237, 156873
257, 1.49211, 0.239, 157485
258, 1.48391, 0.234, 158097
259, 1.47847, 0.23, 158710
260, 1.47586, 0.23, 159322
261, 1.47333, 0.23, 159934
262, 1.46998, 0.228, 160547
263, 1.45201, 0.231, 161159
264, 1.45019, 0.234, 161772
265, 1.44711, 0.228, 162384
266, 1.4437, 0.227, 162996
267, 1.43619, 0.226, 163608
268, 1.43823, 0.216, 164221
269, 1.43064, 0.213, 164833
270, 1.41609, 0.212, 165446
271, 1.41508, 0.207, 166058
272, 1.41868, 0.208, 166671
273, 1.42305, 0.215, 167283
274, 1.45324, 0.216, 167895
275, 1.43022, 0.207, 168508
276, 1.42988, 0.208, 169120
277, 1.4074, 0.204, 169733
278, 1.41061, 0.209, 170345
279, 1.4078, 0.209, 170958
280, 1.40267, 0.206, 171571
281, 1.39942, 0.204, 172183
282, 1.39296, 0.204, 172796
283, 1.39096, 0.204, 173408
284, 1.38947, 0.204, 174020
285, 1.40951, 0.202, 174633
286, 1.40134, 0.208, 175245
287, 1.41255, 0.208, 175858
288, 1.39652, 0.208, 176470
289, 1.38616, 0.204, 177083
290, 1.38774, 0.203, 177695
291, 1.38506, 0.202, 178307
292, 1.39192, 0.203, 178920
293, 1.3884, 0.203, 179532
294, 1.36958, 0.2, 180144
295, 1.36363, 0.198, 180757
296, 1.36179, 0.194, 181370
297, 1.35846, 0.194, 181982
298, 1.3642, 0.195, 182594
299, 1.3698, 0.2, 183213
300, 1.36269, 0.201, 183825
301, 1.3669, 0.201, 184437
302, 1.37433, 0.2, 185050
303, 1.40811, 0.209, 185662
304, 1.39927, 0.213, 186275
305, 1.40703, 0.209, 186887
306, 1.39795, 0.212, 187500
307, 1.3871, 0.21, 188112
308, 1.37441, 0.206, 188724
309, 1.36755, 0.202, 189336
310, 1.37109, 0.206, 189949
311, 1.36806, 0.204, 190562
312, 1.3627, 0.201, 191174
313, 1.3571, 0.199, 191786
314, 1.3445, 0.198, 192398
315, 1.3418, 0.199, 193010
316, 1.34428, 0.201, 193622
317, 1.33849, 0.196, 194234
318, 1.3385, 0.196, 194846
319, 1.33955, 0.196, 195458
320, 1.33546, 0.195, 196070
321, 1.34134, 0.199, 196682
322, 1.33581, 0.192, 197294
323, 1.32534, 0.192, 197906
324, 1.3263, 0.191, 198517
325, 1.32228, 0.194, 199129
326, 1.31511, 0.193, 199741
327, 1.3121, 0.192, 200353
328, 1.30935, 0.193, 200965
329, 1.30686, 0.195, 201577
330, 1.30559, 0.194, 202189
331, 1.30893, 0.19, 202801
332, 1.30551, 0.191, 203413
333, 1.30071, 0.188, 204025
334, 1.30229, 0.188, 204638
335, 1.29857, 0.186, 205249
336, 1.29351, 0.183, 205861
337, 1.29498, 0.184, 206473
338, 1.29062, 0.182, 207085
339, 1.28151, 0.179, 207697
340, 1.28119, 0.181, 208309
341, 1.2841, 0.182, 208920
342, 1.28229, 0.183, 209533
343, 1.28854, 0.184, 210144
344, 1.28319, 0.186, 210757
345, 1.27992, 0.187, 211368
346, 1.27061, 0.184, 211981
347, 1.26929, 0.182, 212592
348, 1.26783, 0.186, 213204
349, 1.26622, 0.186, 213816
350, 1.26301, 0.185, 214428
351, 1.26383, 0.183, 215040
352, 1.25636, 0.187, 215652
353, 1.25544, 0.187, 216264
354, 1.25025, 0.187, 216876
355, 1.25156, 0.188, 217488
356, 1.24842, 0.191, 218100
357, 1.24373, 0.188, 218712
358, 1.23977, 0.186, 219324
359, 1.24033, 0.186, 219936
360, 1.23971, 0.179, 220548
361, 1.23753, 0.179, 221159
362, 1.23799, 0.179, 221771
363, 1.23339, 0.177, 222383
364, 1.23378, 0.176, 222995
365, 1.22817, 0.175, 223607
366, 1.22603, 0.174, 224219
367, 1.22689, 0.176, 224831
368, 1.22119, 0.176, 225443
369, 1.22086, 0.177, 226055
370, 1.22647, 0.178, 226668
371, 1.23061, 0.178, 227280
372, 1.23934, 0.18, 227892
373, 1.23369, 0.179, 228504
374, 1.2314, 0.179, 229116
375, 1.22926, 0.18, 229728
376, 1.22951, 0.184, 230340
377, 1.22519, 0.182, 230952
378, 1.22302, 0.18, 231564
379, 1.22168, 0.18, 232176
380, 1.21595, 0.181, 232788
381, 1.21876, 0.182, 233400
382, 1.21818, 0.183, 234011
383, 1.21829, 0.184, 234623
384, 1.21448, 0.182, 235235
385, 1.21352, 0.181, 235847
386, 1.21074, 0.182, 236459
387, 1.20665, 0.181, 237071
388, 1.21059, 0.181, 237683
389, 1.19664, 0.18, 238295
390, 1.1902, 0.178, 238907
391, 1.18866, 0.178, 239519
392, 1.18646, 0.177, 240131
393, 1.18241, 0.178, 240743
394, 1.17867, 0.178, 241355
395, 1.17909, 0.18, 241967
396, 1.17866, 0.177, 242579
397, 1.17216, 0.174, 243191
398, 1.16951, 0.173, 243803
399, 1.17371, 0.173, 244415
400, 1.17232, 0.175, 245027
401, 1.17623, 0.179, 245639
402, 1.17332, 0.176, 246251
403, 1.1744, 0.177, 246863
404, 1.17351, 0.178, 247475
405, 1.17813, 0.181, 248087
406, 1.1781, 0.18, 248698
407, 1.17699, 0.181, 249310
408, 1.17463, 0.181, 249922
409, 1.17293, 0.181, 250534
410, 1.17258, 0.181, 251146
411, 1.17388, 0.182, 251758
412, 1.16964, 0.18, 252370
413, 1.16602, 0.179, 252982
414, 1.15882, 0.177, 253594
415, 1.22526, 0.192, 254206
416, 1.21649, 0.196, 254818
417, 1.206, 0.187, 255430
418, 1.20124, 0.19, 256042
419, 1.19395, 0.187, 256654
420, 1.19004, 0.187, 257266
421, 1.17728, 0.187, 257878
422, 1.17963, 0.184, 258489
423, 1.18033, 0.183, 259101
424, 1.19448, 0.19, 259713
425, 1.19422, 0.187, 260325
426, 1.19009, 0.189, 260937
427, 1.19194, 0.187, 261549
428, 1.18356, 0.186, 262161
429, 1.1859, 0.187, 262773
430, 1.18209, 0.19, 263385
431, 1.17965, 0.188, 263998
432, 1.16899, 0.184, 264610
433, 1.16975, 0.186, 265222
434, 1.17825, 0.185, 265834
435, 1.17397, 0.183, 266446
436, 1.18708, 0.182, 267058
437, 1.18369, 0.181, 267670
438, 1.17886, 0.179, 268281
439, 1.17885, 0.18, 268893
440, 1.21874, 0.193, 269505
441, 1.20609, 0.191, 270117
442, 1.20037, 0.189, 270729
443, 1.18965, 0.188, 271341
444, 1.18105, 0.186, 271953
445, 1.18025, 0.188, 272565
446, 1.17573, 0.187, 273177
447, 1.17614, 0.186, 273789
448, 1.16643, 0.186, 274401
449, 1.16459, 0.186, 275013
450, 1.19234, 0.191, 275625
451, 1.19038, 0.19, 276237
452, 1.18253, 0.187, 276849
453, 1.17939, 0.187, 277461
454, 1.17292, 0.185, 278073
455, 1.17142, 0.185, 278685
456, 1.16534, 0.186, 279297
457, 1.14568, 0.179, 279909
458, 1.14328, 0.179, 280521
459, 1.1433, 0.18, 281133
460, 1.11843, 0.178, 281745
461, 1.11658, 0.182, 282357
462, 1.11064, 0.181, 282969
463, 1.11984, 0.18, 283580
464, 1.116, 0.175, 284192
465, 1.11531, 0.176, 284804
466, 1.11115, 0.175, 285416
467, 1.10661, 0.174, 286028
468, 1.10384, 0.174, 286640
469, 1.09943, 0.176, 287252
470, 1.09687, 0.175, 287864
471, 1.09142, 0.175, 288476
472, 1.08485, 0.174, 289088
473, 1.08577, 0.171, 289700
474, 1.08585, 0.171, 290312
475, 1.08346, 0.171, 290924
476, 1.07881, 0.171, 291536
477, 1.09281, 0.174, 292147
478, 1.09109, 0.173, 292759
479, 1.08734, 0.174, 293371
480, 1.08311, 0.173, 293983
481, 1.07995, 0.173, 294595
482, 1.07679, 0.173, 295207
483, 1.07368, 0.175, 295819
484, 1.0791, 0.176, 296431
485, 1.07701, 0.177, 297043
486, 1.07972, 0.176, 297655
487, 1.07761, 0.174, 298267
488, 1.08023, 0.174, 298878
489, 1.07998, 0.178, 299490
490, 1.07785, 0.179, 300102
491, 1.075, 0.176, 300714
492, 1.06736, 0.174, 301326
493, 1.0612, 0.172, 301938
494, 1.05882, 0.172, 302550
495, 1.0577, 0.168, 303162
496, 1.05615, 0.169, 303774
497, 1.05451, 0.17, 304386
498, 1.05557, 0.173, 304998
499, 1.05892, 0.173, 305610
500, 1.05567, 0.172, 306222
501, 1.05435, 0.171, 306833
502, 1.05382, 0.171, 307445
503, 1.05011, 0.168, 308057
504, 1.04843, 0.167, 308669
505, 1.04721, 0.167, 309281
506, 1.04449, 0.167, 309893
507, 1.04437, 0.167, 310505
508, 1.04434, 0.167, 311117
509, 1.04405, 0.167, 311729
510, 1.04214, 0.167, 312341
511, 1.03952, 0.166, 312953
512, 1.03919, 0.166, 313564
513, 1.03877, 0.166, 314176
514, 1.03491, 0.167, 314788
515, 1.03389, 0.165, 315400
516, 1.03524, 0.164, 316012
517, 1.03553, 0.167, 316624
518, 1.03546, 0.167, 317236
519, 1.03408, 0.167, 317848
520, 1.0355, 0.167, 318460
521, 1.0339, 0.164, 319072
522, 1.03204, 0.164, 319684
523, 1.03101, 0.165, 320296
524, 1.03219, 0.167, 320908
525, 1.03144, 0.166, 321520
526, 1.0305, 0.166, 322132
527, 1.0241, 0.165, 322744
528, 1.02387, 0.165, 323355
529, 1.02067, 0.164, 323968
530, 1.02011, 0.164, 324580
531, 1.01926, 0.164, 325192
532, 1.02252, 0.166, 325804
533, 1.02124, 0.165, 326416
534, 1.02132, 0.165, 327028
535, 1.01775, 0.163, 327640
536, 1.0182, 0.163, 328252
537, 1.01687, 0.164, 328864
538, 1.01409, 0.164, 329476
539, 1.01729, 0.164, 330087
540, 1.01659, 0.163, 330700
541, 1.0125, 0.163, 331311
542, 1.00966, 0.163, 331923
543, 1.01052, 0.162, 332535
544, 1.00943, 0.162, 333147
545, 1.0084, 0.162, 333759
546, 1.00764, 0.162, 334371
547, 1.00634, 0.162, 334983
548, 1.00508, 0.159, 335595
549, 1.00385, 0.159, 336207
550, 1.00688, 0.16, 336819
551, 1.0054, 0.16, 337431
552, 1.00443, 0.16, 338043
553, 1.00272, 0.16, 338655
554, 0.999675, 0.158, 339267
555, 0.999471, 0.155, 339879
556, 0.997728, 0.156, 340491
557, 0.996263, 0.156, 341103
558, 0.997395, 0.156, 341715
559, 0.994981, 0.156, 342327
560, 0.995037, 0.157, 342939
561, 0.986796, 0.154, 343551
562, 0.989226, 0.158, 344163
563, 0.993188, 0.157, 344775
564, 0.989563, 0.155, 345387
565, 0.988727, 0.154, 345999
566, 0.987695, 0.154, 346611
567, 0.988409, 0.153, 347223
568, 0.983859, 0.155, 347835
569, 0.983057, 0.154, 348447
570, 0.980352, 0.155, 349059
571, 0.980789, 0.157, 349671
572, 0.982264, 0.157, 350283
573, 0.985535, 0.158, 350895
574, 0.980675, 0.16, 351507
575, 0.977361, 0.159, 352119
576, 0.976916, 0.159, 352731
577, 0.974662, 0.158, 353343
578, 0.972394, 0.157, 353955
579, 0.969963, 0.155, 354567
580, 0.968061, 0.153, 355179
581, 0.967552, 0.154, 355791
582, 0.966666, 0.154, 356402
583, 0.965916, 0.154, 357015
584, 0.963975, 0.153, 357626
585, 0.962949, 0.153, 358238
586, 0.962018, 0.153, 358850
587, 0.961324, 0.153, 359462
588, 0.96073, 0.153, 360074
589, 0.960714, 0.151, 360686
590, 0.956058, 0.151, 361298
591, 0.955191, 0.151, 361910
592, 0.956751, 0.151, 362526
593, 0.957145, 0.151, 363138
594, 0.956566, 0.15, 363750
595, 0.954464, 0.15, 364362
596, 0.966352, 0.156, 364974
597, 0.966939, 0.156, 365586
598, 0.966693, 0.155, 366198
599, 0.966243, 0.157, 366810
600, 0.964442, 0.156, 367422
601, 0.964199, 0.155, 368034
602, 0.962479, 0.155, 368646
603, 0.963819, 0.158, 369258
604, 0.961405, 0.155, 369870
605, 0.960485, 0.156, 370482
606, 0.95667, 0.155, 371094
607, 0.952399, 0.153, 371706
608, 0.952868, 0.154, 372318
609, 0.965068, 0.156, 372930
610, 0.958848, 0.155, 373542
611, 0.967924, 0.153, 374154
612, 0.963705, 0.153, 374766
613, 0.962032, 0.152, 375378
614, 0.961361, 0.152, 375990
615, 0.962861, 0.151, 376602
616, 0.959224, 0.152, 377214
617, 0.958356, 0.153, 377826
618, 0.956968, 0.153, 378438
619, 0.956518, 0.154, 379050
620, 0.955563, 0.154, 379662
621, 0.953969, 0.153, 380275
622, 0.957175, 0.152, 380891
623, 0.958723, 0.154, 381503
624, 0.957435, 0.154, 382114
625, 0.954922, 0.153, 382727
626, 0.953659, 0.152, 383338
627, 0.953312, 0.153, 383951
628, 0.957628, 0.154, 384563
629, 0.956648, 0.154, 385175
630, 0.955885, 0.153, 385787
631, 0.957689, 0.152, 386399
632, 0.955395, 0.152, 387011
633, 0.953827, 0.152, 387623
634, 0.952917, 0.152, 388235
635, 0.952223, 0.151, 388847
636, 0.95151, 0.151, 389459
637, 0.949442, 0.151, 390071
638, 0.948713, 0.153, 390683
639, 0.946624, 0.15, 391294
640, 0.945615, 0.15, 391906
641, 0.945042, 0.15, 392518
642, 0.944418, 0.151, 393130
643, 0.943828, 0.151, 393742
644, 0.945465, 0.151, 394354
645, 0.945356, 0.151, 394966
646, 0.944636, 0.151, 395578
647, 0.9439, 0.151, 396190
648, 0.942875, 0.149, 396802
649, 0.942866, 0.149, 397414
650, 0.938903, 0.148, 398026
651, 0.939212, 0.151, 398638
652, 0.938893, 0.151, 399250
653, 0.937301, 0.149, 399861
654, 0.941505, 0.15, 400473
655, 0.93759, 0.151, 401085
656, 0.934938, 0.151, 401697
657, 0.935594, 0.152, 402309
658, 0.935187, 0.149, 402921
659, 0.934718, 0.149, 403533
660, 0.933559, 0.148, 404145
661, 0.933594, 0.148, 404757
662, 0.931025, 0.148, 405369
663, 0.931783, 0.148, 405981
664, 0.929865, 0.147, 406593
665, 0.928006, 0.147, 407205
666, 0.93668, 0.147, 407817
667, 0.927973, 0.144, 408429
668, 0.927034, 0.145, 409041
669, 0.928971, 0.145, 409653
670, 0.928047, 0.144, 410265
671, 0.926914, 0.144, 410877
672, 0.922782, 0.144, 411488
673, 0.922194, 0.146, 412100
674, 0.922974, 0.144, 412712
675, 0.922155, 0.144, 413324
676, 0.921744, 0.144, 413936
677, 0.920769, 0.143, 414548
678, 0.918896, 0.142, 415160
679, 0.920414, 0.144, 415772
680, 0.932635, 0.144, 416384
681, 0.937675, 0.145, 416996
682, 0.938562, 0.142, 417608
683, 0.937613, 0.142, 418220
684, 0.936623, 0.142, 418832
685, 0.935942, 0.142, 419444
686, 0.93847, 0.143, 420056
687, 0.937347, 0.143, 420668
688, 0.9349, 0.145, 421280
689, 0.934956, 0.144, 421892
690, 0.930253, 0.142, 422504
691, 0.929298, 0.142, 423116
692, 0.932511, 0.143, 423728
693, 0.931951, 0.143, 424339
694, 0.931124, 0.143, 424952
695, 0.929366, 0.143, 425564
696, 0.927117, 0.142, 426176
697, 0.928465, 0.143, 426788
698, 0.927428, 0.144, 427400
699, 0.926897, 0.144, 428011
700, 0.928301, 0.143, 428624
701, 0.92483, 0.142, 429235
702, 0.929731, 0.144, 429847
703, 0.929141, 0.144, 430459
704, 0.9284, 0.143, 431071
705, 0.927826, 0.143, 431683
706, 0.926988, 0.143, 432295
707, 0.926191, 0.144, 432907
708, 0.925734, 0.145, 433519
709, 0.919754, 0.145, 434131
710, 0.916084, 0.143, 434743
711, 0.914494, 0.144, 435355
712, 0.927585, 0.151, 435967
713, 0.926308, 0.151, 436579
714, 0.925753, 0.15, 437191
715, 0.924964, 0.149, 437803
716, 0.92449, 0.149, 438415
717, 0.919189, 0.149, 439027
718, 0.919945, 0.147, 439639
719, 0.918726, 0.147, 440251
720, 0.919976, 0.146, 440863
721, 0.917542, 0.143, 441475
722, 0.91891, 0.143, 442086
723, 0.922548, 0.146, 442698
724, 0.931916, 0.149, 443310
725, 0.929429, 0.149, 443923
726, 0.928558, 0.147, 444535
727, 0.923506, 0.146, 445147
728, 0.923797, 0.147, 445759
729, 0.921736, 0.146, 446371
730, 0.917558, 0.148, 446983
731, 0.910647, 0.148, 447595
732, 0.917148, 0.146, 448206
733, 0.911516, 0.146, 448819
734, 0.912033, 0.15, 449430
735, 0.909717, 0.142, 450042
736, 0.902883, 0.14, 450654
737, 0.895891, 0.14, 451266
738, 0.90347, 0.141, 451878
739, 0.904585, 0.141, 452490
740, 0.901336, 0.141, 453102
741, 0.902103, 0.14, 453714
742, 0.89818, 0.139, 454326
743, 0.897581, 0.139, 454938
744, 0.894235, 0.137, 455550
745, 0.89142, 0.135, 456162
746, 0.890577, 0.135, 456774
747, 0.889939, 0.138, 457386
748, 0.889195, 0.138, 457998
749, 0.888751, 0.139, 458610
750, 0.885877, 0.138, 459222
751, 0.886811, 0.139, 459834
752, 0.886476, 0.139, 460446
753, 0.888183, 0.138, 461058
754, 0.888704, 0.141, 461670
755, 0.888101, 0.141, 462282
756, 0.887494, 0.141, 462894
757, 0.886959, 0.14, 463506
758, 0.886487, 0.139, 464118
759, 0.885825, 0.14, 464730
760, 0.884264, 0.139, 465341
761, 0.881648, 0.138, 465954
762, 0.883641, 0.139, 466565
763, 0.885394, 0.138, 467177
764, 0.884649, 0.139, 467789
765, 0.87974, 0.139, 468401
766, 0.878172, 0.137, 469013
767, 0.877975, 0.136, 469625
768, 0.87704, 0.136, 470237
769, 0.876618, 0.135, 470849
770, 0.880385, 0.136, 471461
771, 0.875352, 0.133, 472073
772, 0.876759, 0.134, 472685
773, 0.875599, 0.133, 473297
774, 0.876715, 0.134, 473909
775, 0.870979, 0.132, 474521
776, 0.87118, 0.132, 475133
777, 0.87053, 0.134, 475745
778, 0.869335, 0.133, 476357
779, 0.86812, 0.133, 476969
780, 0.867816, 0.132, 477581
781, 0.87032, 0.133, 478193
782, 0.871268, 0.133, 478804
783, 0.870355, 0.133, 479416
784, 0.869705, 0.132, 480028
785, 0.869384, 0.132, 480640
786, 0.869471, 0.132, 481252
787, 0.868027, 0.132, 481864
788, 0.864301, 0.132, 482476
789, 0.857823, 0.133, 483089
790, 0.855801, 0.133, 483701
791, 0.854848, 0.133, 484313
792, 0.845448, 0.132, 484925
793, 0.843891, 0.129, 485537
794, 0.84143, 0.13, 486149
795, 0.840908, 0.13, 486761
796, 0.84059, 0.129, 487373
797, 0.838471, 0.131, 487985
798, 0.840427, 0.131, 488597
799, 0.840394, 0.13, 489209
800, 0.838957, 0.13, 489821
801, 0.842193, 0.131, 490433
802, 0.837732, 0.13, 491045
803, 0.837593, 0.129, 491657
804, 0.830982, 0.129, 492269
805, 0.833888, 0.129, 492881
806, 0.828565, 0.128, 493493
807, 0.830228, 0.128, 494104
808, 0.831147, 0.126, 494717
809, 0.827623, 0.126, 495328
810, 0.828238, 0.128, 495941
811, 0.830032, 0.128, 496553
812, 0.829587, 0.128, 497164
813, 0.830363, 0.129, 497776
814, 0.829289, 0.129, 498388
815, 0.828479, 0.128, 499000
816, 0.827814, 0.128, 499612
817, 0.828086, 0.128, 500224
818, 0.8274, 0.128, 500836
819, 0.825781, 0.129, 501448
820, 0.825063, 0.13, 502060
821, 0.820117, 0.129, 502672
822, 0.815191, 0.128, 503284
823, 0.814488, 0.127, 503897
824, 0.814073, 0.127, 504509
825, 0.813332, 0.127, 505121
826, 0.813008, 0.127, 505733
827, 0.813415, 0.127, 506345
828, 0.81292, 0.127, 506957
829, 0.81471, 0.127, 507569
830, 0.813805, 0.127, 508181
831, 0.815999, 0.128, 508793
832, 0.814789, 0.128, 509405
833, 0.81294, 0.127, 510017
834, 0.811998, 0.127, 510629
835, 0.811381, 0.127, 511241
836, 0.810745, 0.127, 511852
837, 0.810784, 0.129, 512465
838, 0.810297, 0.129, 513077
839, 0.805864, 0.128, 513689
840, 0.806173, 0.127, 514300
841, 0.802158, 0.127, 514912
842, 0.812827, 0.127, 515524
843, 0.812095, 0.125, 516136
844, 0.811782, 0.125, 516748
845, 0.811559, 0.125, 517363
846, 0.810362, 0.125, 517976
847, 0.810586, 0.126, 518588
848, 0.815264, 0.129, 519199
849, 0.809735, 0.126, 519812
850, 0.808448, 0.127, 520423
851, 0.809452, 0.13, 521035
852, 0.811356, 0.13, 521647
853, 0.812071, 0.129, 522259
854, 0.810866, 0.129, 522871
855, 0.810691, 0.128, 523483
856, 0.809037, 0.128, 524095
857, 0.808618, 0.127, 524707
858, 0.808184, 0.127, 525319
859, 0.80778, 0.126, 525931
860, 0.807388, 0.126, 526543
861, 0.80586, 0.126, 527155
862, 0.807695, 0.126, 527767
863, 0.806235, 0.126, 528379
864, 0.805979, 0.126, 528990
865, 0.805504, 0.126, 529603
866, 0.806856, 0.126, 530215
867, 0.799719, 0.125, 530827
868, 0.799151, 0.126, 531439
869, 0.799065, 0.126, 532050
870, 0.798685, 0.125, 532662
871, 0.798261, 0.125, 533274
872, 0.798658, 0.125, 533886
873, 0.795064, 0.124, 534498
874, 0.794768, 0.124, 535110
875, 0.790302, 0.123, 535722
876, 0.785545, 0.122, 536334
877, 0.786155, 0.121, 536946
878, 0.785044, 0.123, 537558
879, 0.784866, 0.123, 538170
880, 0.783822, 0.123, 538782
881, 0.783985, 0.123, 539394
882, 0.784198, 0.124, 540006
883, 0.780162, 0.122, 540618
884, 0.777327, 0.122, 541230
885, 0.776736, 0.122, 541842
886, 0.77415, 0.122, 542453
887, 0.773776, 0.121, 543065
888, 0.773522, 0.121, 543677
889, 0.773685, 0.122, 544289
890, 0.772696, 0.122, 544901
891, 0.76661, 0.121, 545513
892, 0.76364, 0.12, 546125
893, 0.763121, 0.123, 546737
894, 0.761058, 0.122, 547349
895, 0.766311, 0.123, 547961
896, 0.765578, 0.122, 548573
897, 0.765043, 0.122, 549185
898, 0.76374, 0.121, 549797
899, 0.764883, 0.121, 550409
900, 0.767258, 0.121, 551021
901, 0.758322, 0.119, 551633
902, 0.757708, 0.12, 552245
903, 0.756849, 0.12, 552857
904, 0.76055, 0.12, 553470
905, 0.761238, 0.119, 554081
906, 0.760807, 0.118, 554693
907, 0.760476, 0.118, 555305
908, 0.759737, 0.117, 555917
909, 0.756477, 0.115, 556529
910, 0.754948, 0.115, 557141
911, 0.753235, 0.115, 557753
912, 0.752842, 0.115, 558365
913, 0.75199, 0.114, 558977
914, 0.752013, 0.114, 559589
915, 0.758215, 0.116, 560201
916, 0.754726, 0.115, 560813
917, 0.754711, 0.114, 561425
918, 0.754032, 0.114, 562037
919, 0.751494, 0.116, 562649
920, 0.751541, 0.116, 563261
921, 0.750405, 0.116, 563873
922, 0.753302, 0.115, 564485
923, 0.752612, 0.114, 565097
924, 0.751661, 0.112, 565709
925, 0.751757, 0.113, 566321
926, 0.752947, 0.115, 566934
927, 0.75518, 0.115, 567546
928, 0.755807, 0.114, 568157
929, 0.754624, 0.115, 568770
930, 0.752385, 0.115, 569381
931, 0.74968, 0.117, 569994
932, 0.747023, 0.115, 570606
933, 0.746503, 0.114, 571218
934, 0.74672, 0.113, 571830
935, 0.746542, 0.113, 572442
936, 0.746033, 0.113, 573054
937, 0.74566, 0.113, 573666
938, 0.744978, 0.113, 574278
939, 0.74431, 0.113, 574890
940, 0.74392, 0.113, 575502
941, 0.743585, 0.112, 576114
942, 0.74318, 0.112, 576726
943, 0.738623, 0.111, 577338
944, 0.734954, 0.111, 577950
945, 0.734232, 0.109, 578562
946, 0.734876, 0.11, 579174
947, 0.737389, 0.112, 579786
948, 0.738952, 0.114, 580398
949, 0.738082, 0.114, 581010
950, 0.733579, 0.113, 581622
951, 0.732444, 0.113, 582234
952, 0.732395, 0.113, 582846
953, 0.732388, 0.113, 583458
954, 0.73405, 0.113, 584070
955, 0.732969, 0.113, 584681
956, 0.732275, 0.113, 585293
957, 0.732167, 0.113, 585905
958, 0.731284, 0.113, 586517
959, 0.731089, 0.113, 587129
960, 0.732784, 0.112, 587742
961, 0.73384, 0.113, 588354
962, 0.733533, 0.113, 588966
963, 0.732374, 0.112, 589578
964, 0.732824, 0.11, 590190
965, 0.731353, 0.109, 590802
966, 0.731901, 0.107, 591415
967, 0.73143, 0.106, 592027
968, 0.72991, 0.106, 592645
969, 0.729522, 0.106, 593258
970, 0.728826, 0.106, 593870
971, 0.728832, 0.105, 594482
972, 0.728556, 0.105, 595094
973, 0.730674, 0.106, 595707
974, 0.726293, 0.105, 596319
975, 0.723495, 0.104, 596931
976, 0.723123, 0.104, 597543
977, 0.724055, 0.103, 598155
978, 0.724081, 0.104, 598767
979, 0.722761, 0.104, 599379
980, 0.738666, 0.107, 599992
981, 0.739457, 0.108, 600604
982, 0.738924, 0.107, 601216
983, 0.739693, 0.107, 601828
984, 0.737062, 0.106, 602440
985, 0.734243, 0.107, 603053
986, 0.73355, 0.106, 603665
987, 0.733247, 0.105, 604277
988, 0.732906, 0.105, 604889
989, 0.732002, 0.105, 605501
990, 0.732207, 0.106, 606113
991, 0.731768, 0.106, 606725
992, 0.731479, 0.105, 607337
993, 0.731111, 0.103, 607949
994, 0.73078, 0.103, 608561
995, 0.730606, 0.103, 609173
996, 0.729988, 0.103, 609786
997, 0.730567, 0.102, 610398
998, 0.729987, 0.103, 611010
999, 0.727962, 0.105, 611622
1000, 0.727736, 0.106, 612234
