epoch, cross_entropy, error, time
1, 36.1114, 0.897, 611
2, 5.46721, 0.654, 1287
3, 3.56908, 0.564, 1962
4, 3.15479, 0.534, 2638
5, 2.59179, 0.456, 3314
6, 2.53543, 0.441, 3990
7, 2.40969, 0.445, 4665
8, 2.17683, 0.395, 5341
9, 2.43138, 0.442, 6017
10, 2.38117, 0.43, 6692
11, 2.43661, 0.444, 7368
12, 2.41513, 0.45, 8043
13, 2.4198, 0.427, 8719
14, 2.21238, 0.398, 9394
15, 2.27158, 0.41, 10070
16, 2.26688, 0.413, 10745
17, 2.62747, 0.457, 11421
18, 2.27857, 0.402, 12097
19, 2.04073, 0.356, 12772
20, 1.96328, 0.344, 13448
21, 1.91783, 0.335, 14123
22, 1.76394, 0.323, 14799
23, 1.86033, 0.325, 15474
24, 1.80514, 0.312, 16150
25, 1.76648, 0.318, 16826
26, 1.70275, 0.314, 17502
27, 1.64408, 0.301, 18178
28, 1.88366, 0.344, 18854
29, 1.83243, 0.333, 19530
30, 1.79026, 0.312, 20205
31, 1.67041, 0.298, 20881
32, 1.71071, 0.297, 21557
33, 1.78968, 0.309, 22232
34, 1.76905, 0.314, 22908
35, 1.68933, 0.301, 23583
36, 1.94725, 0.342, 24259
37, 1.88693, 0.337, 24934
38, 1.76676, 0.32, 25610
39, 1.66243, 0.29, 26285
40, 1.56193, 0.277, 26961
41, 1.56427, 0.284, 27636
42, 1.60878, 0.283, 28312
43, 1.54386, 0.273, 28988
44, 1.53959, 0.266, 29663
45, 1.48613, 0.263, 30339
46, 1.54858, 0.273, 31015
47, 1.46697, 0.259, 31691
48, 1.42165, 0.262, 32366
49, 1.34723, 0.238, 33042
50, 1.35761, 0.247, 33717
51, 1.6159, 0.282, 34393
52, 1.69526, 0.292, 35068
53, 1.58673, 0.273, 35744
54, 1.47354, 0.257, 36420
55, 1.429, 0.249, 37095
56, 1.37215, 0.24, 37771
57, 1.34163, 0.236, 38446
58, 1.29691, 0.227, 39122
59, 1.30821, 0.227, 39798
60, 1.29679, 0.224, 40473
61, 1.25745, 0.212, 41149
62, 1.26784, 0.22, 41824
63, 1.26564, 0.223, 42500
64, 1.21383, 0.208, 43176
65, 1.19169, 0.202, 43851
66, 1.12269, 0.195, 44527
67, 1.15283, 0.201, 45203
68, 1.18915, 0.205, 45878
69, 1.20324, 0.195, 46554
70, 1.1684, 0.192, 47229
71, 1.15058, 0.195, 47905
72, 1.11565, 0.187, 48581
73, 1.13666, 0.19, 49256
74, 1.11413, 0.189, 49932
75, 1.12835, 0.191, 50608
76, 1.14824, 0.186, 51283
77, 1.18691, 0.198, 51959
78, 1.1547, 0.193, 52634
79, 1.14124, 0.179, 53310
80, 1.11432, 0.186, 53985
81, 1.15855, 0.192, 54661
82, 1.11101, 0.194, 55337
83, 1.05612, 0.185, 56012
84, 1.03677, 0.175, 56687
85, 1.02444, 0.171, 57363
86, 1.00713, 0.169, 58039
87, 1.02544, 0.18, 58714
88, 1.03681, 0.17, 59390
89, 1.02341, 0.171, 60065
90, 1.07928, 0.182, 60741
91, 1.18433, 0.199, 61416
92, 1.19019, 0.207, 62092
93, 1.10802, 0.19, 62767
94, 1.07938, 0.182, 63443
95, 1.06743, 0.185, 64118
96, 1.02146, 0.18, 64794
97, 0.999779, 0.175, 65470
98, 0.98088, 0.169, 66145
99, 1.05195, 0.181, 66821
100, 1.09101, 0.187, 67496
101, 1.11486, 0.195, 68172
102, 1.17805, 0.209, 68848
103, 1.16948, 0.202, 69525
104, 1.11006, 0.186, 70202
105, 1.10905, 0.193, 70878
106, 1.13347, 0.197, 71553
107, 1.09861, 0.192, 72230
108, 1.1035, 0.201, 72906
109, 1.07644, 0.187, 73582
110, 1.13881, 0.19, 74258
111, 1.12127, 0.194, 74934
112, 1.06883, 0.184, 75611
113, 1.05912, 0.186, 76287
114, 1.11212, 0.184, 76964
115, 1.09324, 0.175, 77640
116, 1.08223, 0.181, 78316
117, 1.05945, 0.176, 78992
118, 1.06442, 0.174, 79669
119, 1.02226, 0.171, 80345
120, 1.02411, 0.169, 81021
121, 1.02717, 0.175, 81697
122, 1.01887, 0.175, 82373
123, 1.01212, 0.167, 83049
124, 0.983571, 0.162, 83726
125, 0.981841, 0.161, 84402
126, 0.98532, 0.166, 85078
127, 0.994579, 0.167, 85754
128, 0.985023, 0.173, 86430
129, 0.98383, 0.175, 87106
130, 0.963253, 0.171, 87782
131, 0.986792, 0.173, 88458
132, 1.05822, 0.183, 89134
133, 1.04352, 0.186, 89810
134, 1.05346, 0.189, 90486
135, 1.05977, 0.174, 91162
136, 1.04005, 0.169, 91839
137, 1.13552, 0.18, 92515
138, 1.14022, 0.189, 93191
139, 1.11211, 0.196, 93867
140, 1.10346, 0.195, 94543
141, 1.08787, 0.185, 95219
142, 1.14247, 0.205, 95895
143, 1.16096, 0.209, 96571
144, 1.16884, 0.211, 97248
145, 1.1866, 0.227, 97924
146, 1.16659, 0.225, 98600
147, 1.18494, 0.225, 99276
148, 1.18816, 0.225, 99952
149, 1.18008, 0.214, 100628
150, 1.19491, 0.214, 101304
151, 1.18362, 0.216, 101981
152, 1.19053, 0.229, 102657
153, 1.52345, 0.258, 103333
154, 1.48952, 0.261, 104009
155, 1.4162, 0.256, 104685
156, 1.36335, 0.243, 105361
157, 1.29988, 0.236, 106038
158, 1.2977, 0.232, 106714
159, 1.24777, 0.226, 107390
160, 1.25471, 0.231, 108066
161, 1.21989, 0.222, 108742
162, 1.23696, 0.218, 109418
163, 1.22644, 0.224, 110095
164, 1.18731, 0.202, 110771
165, 1.25402, 0.198, 111447
166, 1.27857, 0.206, 112123
167, 1.20241, 0.196, 112799
168, 1.16467, 0.188, 113475
169, 1.14192, 0.184, 114151
170, 1.12827, 0.182, 114827
171, 1.11719, 0.185, 115504
172, 1.11796, 0.183, 116180
173, 1.08632, 0.181, 116856
174, 1.07862, 0.175, 117532
175, 1.07116, 0.174, 118208
176, 1.08358, 0.177, 118884
177, 1.03809, 0.166, 119560
178, 1.01175, 0.155, 120236
179, 0.985439, 0.15, 120912
180, 0.986103, 0.152, 121588
181, 0.955018, 0.148, 122265
182, 0.981391, 0.157, 122941
183, 0.977863, 0.16, 123617
184, 0.963231, 0.154, 124293
185, 0.959244, 0.153, 124969
186, 0.945221, 0.151, 125645
187, 0.949708, 0.147, 126321
188, 0.944903, 0.148, 126997
189, 0.919132, 0.148, 127673
190, 0.908949, 0.139, 128349
191, 0.902917, 0.142, 129025
192, 0.901473, 0.146, 129701
193, 0.898501, 0.147, 130377
194, 0.912451, 0.139, 131053
195, 0.976049, 0.158, 131730
196, 0.992013, 0.168, 132406
197, 0.974211, 0.155, 133082
198, 0.953675, 0.147, 133758
199, 0.939084, 0.147, 134434
200, 0.919207, 0.141, 135110
201, 0.918918, 0.142, 135786
202, 0.898653, 0.141, 136463
203, 0.882377, 0.134, 137139
204, 0.867413, 0.131, 137815
205, 0.87319, 0.137, 138491
206, 0.869667, 0.131, 139167
207, 1.00081, 0.162, 139843
208, 0.964181, 0.162, 140519
209, 0.943968, 0.158, 141196
210, 0.935398, 0.153, 141872
211, 0.930022, 0.149, 142548
212, 0.916864, 0.149, 143224
213, 0.924244, 0.148, 143900
214, 0.896739, 0.142, 144576
215, 0.916146, 0.143, 145252
216, 0.967935, 0.148, 145929
217, 0.949663, 0.147, 146604
218, 0.967473, 0.156, 147281
219, 0.951724, 0.157, 147957
220, 0.950315, 0.159, 148633
221, 0.954298, 0.157, 149309
222, 0.938641, 0.156, 149985
223, 0.92717, 0.15, 150661
224, 0.933378, 0.149, 151338
225, 1.04883, 0.171, 152014
226, 1.04042, 0.166, 152690
227, 1.00145, 0.163, 153366
228, 0.973516, 0.16, 154042
229, 0.994852, 0.158, 154718
230, 0.972584, 0.152, 155394
231, 0.947116, 0.149, 156070
232, 0.947147, 0.149, 156746
233, 0.941671, 0.146, 157422
234, 0.926947, 0.141, 158099
235, 0.915177, 0.143, 158775
236, 0.907566, 0.146, 159451
237, 0.916319, 0.147, 160127
238, 0.910156, 0.146, 160803
239, 0.898461, 0.142, 161479
240, 0.893327, 0.14, 162155
241, 0.879097, 0.137, 162831
242, 0.876655, 0.143, 163507
243, 0.859585, 0.142, 164184
244, 0.860918, 0.149, 164860
245, 0.883344, 0.143, 165536
246, 0.871151, 0.141, 166212
247, 0.875601, 0.144, 166888
248, 1.01362, 0.164, 167564
249, 1.23749, 0.211, 168241
250, 1.18401, 0.203, 168917
251, 1.13149, 0.188, 169593
252, 1.11098, 0.185, 170269
253, 1.06607, 0.176, 170945
254, 1.02787, 0.171, 171621
255, 1.01036, 0.166, 172297
256, 1.00858, 0.166, 172974
257, 1.00199, 0.162, 173650
258, 0.985571, 0.164, 174326
259, 0.972723, 0.154, 175002
260, 1.04667, 0.175, 175678
261, 1.05873, 0.177, 176354
262, 1.02738, 0.171, 177030
263, 1.01103, 0.167, 177707
264, 1.02456, 0.171, 178383
265, 0.987242, 0.168, 179059
266, 0.967766, 0.166, 179735
267, 0.976443, 0.153, 180411
268, 0.962979, 0.151, 181087
269, 0.957629, 0.155, 181763
270, 0.942277, 0.16, 182440
271, 0.926315, 0.157, 183116
272, 0.920913, 0.156, 183792
273, 0.920755, 0.151, 184468
274, 0.909603, 0.147, 185144
275, 0.919687, 0.151, 185820
276, 0.915924, 0.148, 186496
277, 0.916736, 0.15, 187172
278, 0.914965, 0.152, 187848
279, 0.882117, 0.147, 188524
280, 0.870841, 0.143, 189200
281, 0.857536, 0.146, 189876
282, 0.858807, 0.138, 190553
283, 0.842726, 0.133, 191229
284, 0.817956, 0.133, 191905
285, 0.810445, 0.13, 192581
286, 0.805992, 0.128, 193257
287, 0.791348, 0.129, 193933
288, 0.787842, 0.126, 194609
289, 0.825939, 0.137, 195285
290, 0.80323, 0.128, 195961
291, 0.801423, 0.129, 196638
292, 0.788123, 0.129, 197314
293, 0.787102, 0.127, 197990
294, 0.801106, 0.127, 198666
295, 0.824992, 0.129, 199342
296, 0.820707, 0.124, 200018
297, 0.826787, 0.123, 200694
298, 0.80573, 0.128, 201370
299, 0.799089, 0.118, 202046
300, 0.791175, 0.116, 202722
301, 0.793439, 0.123, 203398
302, 0.902765, 0.14, 204074
303, 0.946975, 0.152, 204750
304, 0.934506, 0.152, 205426
305, 0.904283, 0.149, 206102
306, 0.888615, 0.147, 206778
307, 0.859721, 0.141, 207454
308, 0.839864, 0.133, 208130
309, 0.86638, 0.145, 208806
310, 0.873445, 0.144, 209482
311, 0.89313, 0.15, 210158
312, 0.902392, 0.151, 210834
313, 0.908512, 0.148, 211510
314, 0.912602, 0.149, 212186
315, 0.898146, 0.147, 212862
316, 0.878554, 0.144, 213539
317, 0.870944, 0.141, 214214
318, 0.865038, 0.145, 214890
319, 0.944557, 0.158, 215566
320, 0.915665, 0.154, 216242
321, 0.898171, 0.151, 216919
322, 0.874407, 0.147, 217595
323, 0.879302, 0.137, 218271
324, 0.863704, 0.135, 218947
325, 0.842589, 0.134, 219623
326, 0.854388, 0.133, 220299
327, 0.847538, 0.131, 220975
328, 0.875625, 0.139, 221651
329, 0.958845, 0.151, 222327
330, 0.941044, 0.144, 223003
331, 0.911687, 0.13, 223679
332, 0.897091, 0.132, 224355
333, 0.919797, 0.138, 225031
334, 0.904997, 0.138, 225707
335, 0.888471, 0.139, 226383
336, 0.876134, 0.135, 227059
337, 0.887347, 0.138, 227736
338, 0.884841, 0.142, 228411
339, 0.874528, 0.141, 229087
340, 0.875178, 0.142, 229764
341, 0.883548, 0.146, 230440
342, 0.884161, 0.151, 231116
343, 0.881255, 0.148, 231792
344, 0.893826, 0.154, 232468
345, 0.919845, 0.16, 233144
346, 0.915184, 0.162, 233820
347, 0.919408, 0.157, 234496
348, 0.962204, 0.163, 235172
349, 1.04247, 0.184, 235848
350, 1.0196, 0.179, 236524
351, 1.00771, 0.178, 237200
352, 0.983805, 0.171, 237876
353, 0.974552, 0.171, 238553
354, 0.961641, 0.165, 239228
355, 0.947593, 0.161, 239905
356, 0.942876, 0.159, 240581
357, 0.985623, 0.173, 241257
358, 0.968506, 0.177, 241933
359, 0.947166, 0.172, 242609
360, 0.942531, 0.171, 243285
361, 1.00522, 0.176, 243961
362, 0.939004, 0.162, 244637
363, 0.922251, 0.162, 245313
364, 0.909467, 0.157, 245989
365, 0.910912, 0.157, 246665
366, 0.906826, 0.153, 247341
367, 0.903993, 0.153, 248017
368, 0.943009, 0.157, 248693
369, 0.946763, 0.162, 249369
370, 0.927056, 0.155, 250045
371, 0.914021, 0.149, 250721
372, 0.898742, 0.142, 251397
373, 0.901211, 0.144, 252073
374, 0.887595, 0.144, 252749
375, 0.878168, 0.143, 253425
376, 0.862269, 0.137, 254101
377, 0.850639, 0.136, 254777
378, 0.83604, 0.135, 255454
379, 0.843403, 0.143, 256129
380, 0.847046, 0.141, 256806
381, 0.862693, 0.144, 257482
382, 0.853048, 0.143, 258159
383, 0.838679, 0.144, 258835
384, 0.888639, 0.14, 259511
385, 0.917646, 0.143, 260187
386, 0.861144, 0.132, 260862
387, 0.831184, 0.134, 261539
388, 0.82584, 0.133, 262215
389, 0.828183, 0.131, 262891
390, 0.96111, 0.162, 263567
391, 0.912077, 0.158, 264243
392, 0.87325, 0.142, 264919
393, 0.859427, 0.136, 265595
394, 0.84928, 0.139, 266271
395, 0.84192, 0.137, 266947
396, 0.829505, 0.137, 267623
397, 0.833067, 0.137, 268299
398, 0.838355, 0.139, 268975
399, 0.827417, 0.133, 269651
400, 0.841639, 0.135, 270327
401, 0.83287, 0.134, 271003
402, 0.838416, 0.134, 271679
403, 0.835847, 0.133, 272355
404, 0.812667, 0.128, 273031
405, 0.82221, 0.127, 273707
406, 0.819517, 0.128, 274383
407, 0.809261, 0.127, 275059
408, 0.812297, 0.127, 275735
409, 0.793582, 0.125, 276411
410, 0.859592, 0.139, 277088
411, 0.979359, 0.159, 277763
412, 0.944232, 0.155, 278440
413, 0.924959, 0.152, 279118
414, 0.910703, 0.15, 279795
415, 0.889742, 0.149, 280471
416, 0.87587, 0.15, 281148
417, 0.840147, 0.142, 281824
418, 0.830252, 0.132, 282500
419, 0.824469, 0.129, 283176
420, 0.810911, 0.124, 283852
421, 0.802652, 0.123, 284529
422, 0.795399, 0.119, 285205
423, 0.781175, 0.117, 285881
424, 0.775204, 0.115, 286557
425, 0.768013, 0.12, 287233
426, 0.778253, 0.119, 287909
427, 0.815246, 0.121, 288585
428, 0.777331, 0.116, 289261
429, 0.766683, 0.119, 289937
430, 0.757117, 0.121, 290613
431, 0.751631, 0.123, 291288
432, 0.73444, 0.119, 291964
433, 0.72711, 0.118, 292640
434, 0.726062, 0.118, 293316
435, 0.728333, 0.118, 293993
436, 0.73543, 0.122, 294669
437, 0.729198, 0.12, 295345
438, 0.732614, 0.124, 296021
439, 0.737149, 0.122, 296697
440, 0.735233, 0.118, 297373
441, 0.758376, 0.117, 298049
442, 0.754825, 0.12, 298725
443, 0.736788, 0.117, 299401
444, 0.723095, 0.115, 300077
445, 0.719151, 0.115, 300752
446, 0.772736, 0.128, 301428
447, 0.789721, 0.129, 302105
448, 0.791106, 0.123, 302781
449, 0.834893, 0.137, 303457
450, 0.813239, 0.136, 304133
451, 0.798442, 0.134, 304809
452, 0.779417, 0.133, 305485
453, 0.770102, 0.129, 306161
454, 0.763237, 0.128, 306837
455, 0.793927, 0.125, 307513
456, 0.829503, 0.141, 308189
457, 0.823268, 0.143, 308865
458, 0.815553, 0.136, 309542
459, 0.807938, 0.134, 310218
460, 0.814222, 0.138, 310894
461, 0.820055, 0.141, 311570
462, 0.807636, 0.136, 312246
463, 0.792895, 0.128, 312922
464, 0.797674, 0.129, 313598
465, 0.804515, 0.132, 314274
466, 0.796327, 0.13, 314950
467, 0.790806, 0.124, 315626
468, 0.788904, 0.125, 316302
469, 0.788506, 0.128, 316982
470, 0.772696, 0.132, 317658
471, 0.764137, 0.128, 318335
472, 0.758054, 0.128, 319011
473, 0.745968, 0.124, 319687
474, 0.746675, 0.122, 320363
475, 0.745131, 0.119, 321039
476, 0.747009, 0.121, 321715
477, 0.750403, 0.12, 322391
478, 0.747863, 0.115, 323067
479, 0.742781, 0.116, 323743
480, 0.752618, 0.118, 324420
481, 0.723947, 0.115, 325096
482, 0.737366, 0.117, 325772
483, 0.731829, 0.117, 326448
484, 0.73201, 0.116, 327124
485, 0.723667, 0.111, 327800
486, 0.718663, 0.116, 328477
487, 0.730652, 0.114, 329153
488, 0.728294, 0.114, 329829
489, 0.756124, 0.118, 330505
490, 0.729849, 0.113, 331181
491, 0.723634, 0.115, 331857
492, 0.769374, 0.114, 332534
493, 0.750519, 0.112, 333210
494, 0.74175, 0.108, 333886
495, 0.737999, 0.106, 334562
496, 0.744888, 0.105, 335238
497, 0.743218, 0.108, 335914
498, 0.753618, 0.104, 336590
499, 0.743055, 0.103, 337266
500, 0.749342, 0.105, 337942
501, 0.731515, 0.102, 338618
502, 0.739869, 0.108, 339295
503, 0.721138, 0.108, 339971
504, 0.73707, 0.112, 340647
505, 0.746197, 0.113, 341323
506, 0.739198, 0.112, 341999
507, 0.731963, 0.112, 342675
508, 0.728989, 0.111, 343352
509, 0.725561, 0.108, 344028
510, 0.710763, 0.105, 344704
511, 0.703975, 0.103, 345380
512, 0.70236, 0.103, 346056
513, 0.695419, 0.097, 346732
514, 0.693549, 0.097, 347408
515, 0.68946, 0.1, 348084
516, 0.693765, 0.099, 348760
517, 0.687326, 0.1, 349437
518, 0.689114, 0.101, 350113
519, 0.73405, 0.113, 350789
520, 0.728338, 0.108, 351465
521, 0.725907, 0.111, 352141
522, 0.714067, 0.103, 352817
523, 0.717852, 0.106, 353493
524, 0.71132, 0.106, 354169
525, 0.708891, 0.109, 354845
526, 0.711859, 0.109, 355521
527, 0.714685, 0.113, 356197
528, 0.707142, 0.105, 356873
529, 0.733741, 0.116, 357549
530, 0.75025, 0.12, 358226
531, 0.75147, 0.122, 358902
532, 0.732005, 0.121, 359578
533, 0.739863, 0.121, 360254
534, 0.739082, 0.122, 360930
535, 0.723804, 0.124, 361606
536, 0.726755, 0.121, 362282
537, 0.724249, 0.118, 362958
538, 0.714757, 0.12, 363634
539, 0.711453, 0.121, 364310
540, 0.715227, 0.116, 364986
541, 0.705299, 0.111, 365662
542, 0.747304, 0.116, 366338
543, 0.746928, 0.124, 367014
544, 0.737176, 0.121, 367690
545, 0.714366, 0.112, 368366
546, 0.712931, 0.111, 369042
547, 0.707436, 0.106, 369719
548, 0.700812, 0.104, 370395
549, 0.698043, 0.105, 371071
550, 0.69449, 0.105, 371747
551, 0.679074, 0.103, 372423
552, 0.673627, 0.103, 373099
553, 0.670091, 0.102, 373775
554, 0.675336, 0.104, 374451
555, 0.678219, 0.104, 375127
556, 0.668048, 0.1, 375803
557, 0.65535, 0.101, 376480
558, 0.653505, 0.102, 377156
559, 0.653059, 0.097, 377832
560, 0.645787, 0.095, 378508
561, 0.642652, 0.094, 379185
562, 0.638432, 0.095, 379861
563, 0.640087, 0.093, 380537
564, 0.650166, 0.094, 381213
565, 0.655332, 0.097, 381889
566, 0.660053, 0.098, 382565
567, 0.701426, 0.103, 383241
568, 0.714336, 0.102, 383917
569, 0.70432, 0.103, 384593
570, 0.679292, 0.103, 385269
571, 0.674865, 0.102, 385945
572, 0.672158, 0.1, 386621
573, 0.665312, 0.099, 387297
574, 0.668142, 0.102, 387973
575, 0.660161, 0.1, 388649
576, 0.655859, 0.098, 389325
577, 0.649092, 0.099, 390001
578, 0.648507, 0.099, 390677
579, 0.644326, 0.098, 391354
580, 0.644533, 0.098, 392029
581, 0.643248, 0.099, 392706
582, 0.646441, 0.101, 393382
583, 0.654399, 0.103, 394058
584, 0.675796, 0.104, 394734
585, 0.68815, 0.104, 395410
586, 0.69913, 0.112, 396086
587, 0.693248, 0.107, 396762
588, 0.685341, 0.106, 397438
589, 0.677793, 0.105, 398114
590, 0.67569, 0.106, 398790
591, 0.663707, 0.103, 399466
592, 0.666236, 0.105, 400142
593, 0.678387, 0.107, 400818
594, 0.663938, 0.104, 401494
595, 0.669997, 0.107, 402170
596, 0.667896, 0.105, 402846
597, 0.662434, 0.107, 403523
598, 0.671391, 0.109, 404199
599, 0.678597, 0.111, 404875
600, 0.669585, 0.107, 405551
601, 0.669195, 0.109, 406227
602, 0.66381, 0.105, 406903
603, 0.669737, 0.108, 407579
604, 0.675784, 0.106, 408255
605, 0.646169, 0.103, 408931
606, 0.643817, 0.1, 409607
607, 0.642686, 0.098, 410283
608, 0.644145, 0.098, 410959
609, 0.646369, 0.097, 411635
610, 0.641097, 0.095, 412311
611, 0.642329, 0.094, 412988
612, 0.634313, 0.093, 413663
613, 0.63273, 0.088, 414340
614, 0.637879, 0.092, 415016
615, 0.626354, 0.089, 415692
616, 0.631061, 0.091, 416368
617, 0.634, 0.092, 417044
618, 0.629183, 0.089, 417720
619, 0.614857, 0.086, 418396
620, 0.63155, 0.089, 419072
621, 0.633114, 0.095, 419748
622, 0.706634, 0.106, 420424
623, 0.680045, 0.101, 421100
624, 0.674245, 0.099, 421776
625, 0.681212, 0.106, 422452
626, 0.677234, 0.104, 423128
627, 0.672058, 0.109, 423804
628, 0.748991, 0.122, 424480
629, 0.717053, 0.117, 425156
630, 0.695924, 0.115, 425832
631, 0.685227, 0.111, 426508
632, 0.672189, 0.109, 427184
633, 0.659916, 0.107, 427860
634, 0.644445, 0.103, 428536
635, 0.662417, 0.105, 429212
636, 0.664178, 0.098, 429889
637, 0.668984, 0.099, 430564
638, 0.669094, 0.104, 431240
639, 0.666961, 0.101, 431916
640, 0.65411, 0.098, 432592
641, 0.645612, 0.094, 433268
642, 0.637683, 0.09, 433944
643, 0.688806, 0.095, 434621
644, 0.901647, 0.109, 435296
645, 0.869987, 0.124, 435973
646, 0.829999, 0.126, 436649
647, 0.804383, 0.128, 437325
648, 0.779067, 0.121, 438001
649, 0.77075, 0.124, 438677
650, 0.755379, 0.119, 439354
651, 0.746211, 0.118, 440030
652, 0.735959, 0.117, 440706
653, 0.730243, 0.117, 441382
654, 0.718227, 0.112, 442059
655, 0.713221, 0.111, 442735
656, 0.708611, 0.111, 443411
657, 0.712419, 0.11, 444087
658, 0.71382, 0.108, 444763
659, 0.711103, 0.112, 445439
660, 0.706268, 0.112, 446115
661, 0.719407, 0.111, 446791
662, 0.729591, 0.108, 447467
663, 0.725345, 0.108, 448143
664, 0.714238, 0.108, 448819
665, 0.717117, 0.106, 449495
666, 0.716698, 0.108, 450172
667, 0.72732, 0.108, 450848
668, 0.775176, 0.115, 451524
669, 0.746338, 0.113, 452200
670, 0.733003, 0.112, 452876
671, 0.730936, 0.106, 453552
672, 0.725517, 0.113, 454228
673, 0.715562, 0.11, 454904
674, 0.707132, 0.111, 455580
675, 0.697409, 0.111, 456256
676, 0.691988, 0.111, 456932
677, 0.684074, 0.112, 457608
678, 0.674694, 0.111, 458285
679, 0.681776, 0.11, 458961
680, 0.674277, 0.11, 459636
681, 0.668645, 0.106, 460313
682, 0.674571, 0.102, 460989
683, 0.676362, 0.103, 461664
684, 0.666076, 0.101, 462341
685, 0.736687, 0.112, 463017
686, 0.73124, 0.106, 463693
687, 0.727706, 0.107, 464369
688, 0.721488, 0.105, 465045
689, 0.725431, 0.106, 465721
690, 0.874152, 0.133, 466397
691, 0.828893, 0.127, 467073
692, 0.80255, 0.125, 467749
693, 0.796231, 0.123, 468426
694, 0.779368, 0.121, 469102
695, 0.755905, 0.112, 469777
696, 0.744761, 0.116, 470454
697, 0.739077, 0.115, 471130
698, 0.73861, 0.116, 471806
699, 0.743242, 0.123, 472482
700, 0.733888, 0.119, 473158
701, 0.73732, 0.118, 473834
702, 0.730228, 0.12, 474510
703, 0.732009, 0.111, 475186
704, 0.720933, 0.107, 475862
705, 0.724525, 0.107, 476539
706, 0.719554, 0.109, 477215
707, 0.718145, 0.11, 477891
708, 0.708873, 0.108, 478567
709, 0.707056, 0.105, 479243
710, 0.698, 0.107, 479919
711, 0.697658, 0.107, 480595
712, 0.69976, 0.108, 481271
713, 0.697674, 0.107, 481947
714, 0.699943, 0.105, 482624
715, 0.689661, 0.103, 483300
716, 0.684126, 0.104, 483976
717, 0.688859, 0.107, 484652
718, 0.685555, 0.102, 485328
719, 0.67918, 0.104, 486004
720, 0.676303, 0.105, 486680
721, 0.671236, 0.103, 487356
722, 0.664012, 0.104, 488032
723, 0.672176, 0.105, 488709
724, 0.674205, 0.099, 489385
725, 0.667922, 0.099, 490061
726, 0.665815, 0.1, 490737
727, 0.68113, 0.099, 491413
728, 0.66433, 0.096, 492089
729, 0.653825, 0.096, 492765
730, 0.644444, 0.094, 493441
731, 0.636915, 0.092, 494117
732, 0.642721, 0.091, 494794
733, 0.641213, 0.09, 495470
734, 0.633316, 0.087, 496146
735, 0.631422, 0.091, 496823
736, 0.63857, 0.09, 497499
737, 0.634832, 0.089, 498175
738, 0.621612, 0.086, 498851
739, 0.622835, 0.086, 499527
740, 0.61953, 0.088, 500203
741, 0.615071, 0.088, 500879
742, 0.628228, 0.088, 501555
743, 0.623916, 0.09, 502231
744, 0.618385, 0.088, 502907
745, 0.614955, 0.088, 503583
746, 0.609842, 0.089, 504259
747, 0.610151, 0.086, 504935
748, 0.610922, 0.082, 505611
749, 0.60827, 0.081, 506287
750, 0.602264, 0.08, 506963
751, 0.60087, 0.08, 507639
752, 0.644113, 0.086, 508315
753, 0.624482, 0.083, 508991
754, 0.61929, 0.081, 509667
755, 0.599153, 0.077, 510343
756, 0.591698, 0.075, 511019
757, 0.583195, 0.071, 511695
758, 0.572608, 0.072, 512371
759, 0.566421, 0.071, 513047
760, 0.558338, 0.072, 513723
761, 0.551437, 0.073, 514399
762, 0.55577, 0.07, 515075
763, 0.553221, 0.07, 515751
764, 0.591519, 0.084, 516427
765, 0.626976, 0.096, 517103
766, 0.616496, 0.091, 517779
767, 0.61108, 0.09, 518455
768, 0.602389, 0.086, 519131
769, 0.601224, 0.088, 519807
770, 0.612324, 0.091, 520483
771, 0.605017, 0.086, 521159
772, 0.608744, 0.091, 521835
773, 0.602105, 0.09, 522511
774, 0.605253, 0.094, 523187
775, 0.60191, 0.092, 523863
776, 0.637535, 0.099, 524539
777, 0.636938, 0.097, 525215
778, 0.636529, 0.099, 525891
779, 0.626539, 0.093, 526567
780, 0.613638, 0.088, 527243
781, 0.610796, 0.092, 527919
782, 0.657845, 0.097, 528595
783, 0.692086, 0.101, 529271
784, 0.657825, 0.104, 529947
785, 0.649146, 0.101, 530623
786, 0.644333, 0.1, 531299
787, 0.645083, 0.095, 531975
788, 0.634319, 0.092, 532651
789, 0.632832, 0.096, 533327
790, 0.629976, 0.097, 534003
791, 0.620752, 0.093, 534679
792, 0.622941, 0.095, 535355
793, 0.63131, 0.097, 536031
794, 0.627442, 0.096, 536707
795, 0.625957, 0.098, 537383
796, 0.624812, 0.092, 538059
797, 0.614923, 0.091, 538735
798, 0.617184, 0.092, 539411
799, 0.619533, 0.092, 540087
800, 0.618334, 0.094, 540763
801, 0.612276, 0.096, 541439
802, 0.613612, 0.095, 542115
803, 0.613642, 0.095, 542791
804, 0.618722, 0.098, 543467
805, 0.626307, 0.099, 544143
806, 0.619262, 0.099, 544819
807, 0.678576, 0.112, 545495
808, 0.697383, 0.11, 546171
809, 0.688374, 0.107, 546847
810, 0.676033, 0.103, 547523
811, 0.667898, 0.103, 548199
812, 0.65918, 0.1, 548875
813, 0.656181, 0.104, 549551
814, 0.650017, 0.102, 550227
815, 0.660455, 0.101, 550903
816, 0.655065, 0.101, 551579
817, 0.649261, 0.101, 552254
818, 0.644665, 0.101, 552930
819, 0.672802, 0.105, 553606
820, 0.670644, 0.105, 554282
821, 0.693757, 0.115, 554958
822, 0.695511, 0.115, 555634
823, 0.690452, 0.115, 556310
824, 0.677996, 0.111, 556987
825, 0.682112, 0.112, 557663
826, 0.682443, 0.112, 558339
827, 0.689423, 0.118, 559015
828, 0.683679, 0.116, 559691
829, 0.683021, 0.104, 560367
830, 0.686278, 0.105, 561043
831, 0.696771, 0.11, 561719
832, 0.690395, 0.109, 562395
833, 0.696433, 0.112, 563071
834, 0.696188, 0.111, 563747
835, 0.685085, 0.107, 564423
836, 0.66287, 0.107, 565099
837, 0.657979, 0.106, 565775
838, 0.644069, 0.104, 566451
839, 0.638641, 0.099, 567127
840, 0.63573, 0.097, 567803
841, 0.621224, 0.094, 568479
842, 0.612586, 0.094, 569155
843, 0.611194, 0.092, 569831
844, 0.648136, 0.097, 570507
845, 0.654699, 0.097, 571183
846, 0.635852, 0.096, 571859
847, 0.636222, 0.099, 572535
848, 0.631181, 0.1, 573211
849, 0.632381, 0.102, 573887
850, 0.642739, 0.102, 574563
851, 0.630409, 0.102, 575239
852, 0.621512, 0.099, 575915
853, 0.6152, 0.098, 576591
854, 0.615716, 0.095, 577267
855, 0.644026, 0.1, 577943
856, 0.637832, 0.102, 578619
857, 0.639908, 0.106, 579295
858, 0.633818, 0.103, 579971
859, 0.630694, 0.102, 580647
860, 0.624493, 0.103, 581323
861, 0.618329, 0.102, 581999
862, 0.625461, 0.103, 582675
863, 0.625747, 0.102, 583351
864, 0.632893, 0.102, 584027
865, 0.630389, 0.103, 584703
866, 0.623865, 0.101, 585379
867, 0.61743, 0.098, 586055
868, 0.606201, 0.099, 586731
869, 0.609966, 0.098, 587407
870, 0.607865, 0.096, 588082
871, 0.601819, 0.095, 588759
872, 0.593131, 0.094, 589435
873, 0.590553, 0.095, 590111
874, 0.590232, 0.093, 590787
875, 0.584767, 0.092, 591462
876, 0.571303, 0.09, 592138
877, 0.566845, 0.091, 592814
878, 0.556172, 0.09, 593490
879, 0.554018, 0.091, 594166
880, 0.575361, 0.092, 594842
881, 0.556531, 0.085, 595518
882, 0.566504, 0.087, 596194
883, 0.552239, 0.088, 596870
884, 0.554072, 0.087, 597546
885, 0.5555, 0.087, 598222
886, 0.551034, 0.088, 598898
887, 0.56593, 0.087, 599574
888, 0.569417, 0.09, 600250
889, 0.557916, 0.092, 600926
890, 0.565762, 0.096, 601602
891, 0.55463, 0.095, 602278
892, 0.560393, 0.097, 602954
893, 0.546521, 0.093, 603630
894, 0.545362, 0.093, 604306
895, 0.556583, 0.095, 604982
896, 0.544874, 0.09, 605658
897, 0.548428, 0.089, 606334
898, 0.548338, 0.09, 607010
899, 0.548172, 0.09, 607685
900, 0.541729, 0.09, 608362
901, 0.536536, 0.085, 609038
902, 0.534969, 0.084, 609713
903, 0.528898, 0.085, 610390
904, 0.520556, 0.083, 611066
905, 0.515309, 0.084, 611741
906, 0.490628, 0.08, 612418
907, 0.491546, 0.08, 613093
908, 0.498655, 0.083, 613769
909, 0.498839, 0.081, 614446
910, 0.496043, 0.078, 615122
911, 0.499991, 0.078, 615797
912, 0.488911, 0.075, 616475
913, 0.489622, 0.076, 617150
914, 0.527924, 0.082, 617826
915, 0.521473, 0.075, 618503
916, 0.532134, 0.084, 619179
917, 0.5222, 0.08, 619855
918, 0.513966, 0.082, 620531
919, 0.506046, 0.077, 621207
920, 0.521547, 0.08, 621883
921, 0.513888, 0.072, 622559
922, 0.509978, 0.071, 623235
923, 0.515222, 0.073, 623910
924, 0.510297, 0.074, 624586
925, 0.509935, 0.075, 625262
926, 0.50405, 0.077, 625938
927, 0.496393, 0.074, 626614
928, 0.486653, 0.073, 627290
929, 0.494383, 0.073, 627966
930, 0.48483, 0.071, 628642
931, 0.485046, 0.073, 629318
932, 0.490531, 0.07, 629994
933, 0.477933, 0.062, 630671
934, 0.497198, 0.068, 631347
935, 0.491519, 0.064, 632023
936, 0.48865, 0.063, 632699
937, 0.488621, 0.063, 633375
938, 0.499416, 0.069, 634051
939, 0.523481, 0.078, 634727
940, 0.512683, 0.076, 635403
941, 0.520255, 0.08, 636079
942, 0.520056, 0.076, 636755
943, 0.529206, 0.074, 637431
944, 0.524706, 0.074, 638107
945, 0.511174, 0.074, 638783
946, 0.510165, 0.074, 639459
947, 0.512817, 0.071, 640135
948, 0.504249, 0.071, 640811
949, 0.504278, 0.071, 641486
950, 0.524199, 0.079, 642162
951, 0.515587, 0.079, 642839
952, 0.5136, 0.076, 643514
953, 0.515691, 0.077, 644191
954, 0.501621, 0.072, 644867
955, 0.509568, 0.073, 645542
956, 0.504606, 0.072, 646219
957, 0.49813, 0.073, 646895
958, 0.491843, 0.071, 647571
959, 0.489009, 0.072, 648246
960, 0.50654, 0.079, 648923
961, 0.503065, 0.08, 649598
962, 0.506799, 0.078, 650274
963, 0.499761, 0.075, 650950
964, 0.49489, 0.075, 651626
965, 0.483694, 0.073, 652302
966, 0.473702, 0.073, 652978
967, 0.473207, 0.072, 653654
968, 0.477455, 0.071, 654330
969, 0.472165, 0.072, 655006
970, 0.475492, 0.074, 655682
971, 0.472877, 0.074, 656358
972, 0.473887, 0.072, 657034
973, 0.470132, 0.069, 657710
974, 0.452974, 0.069, 658386
975, 0.452898, 0.066, 659062
976, 0.444923, 0.064, 659738
977, 0.440104, 0.062, 660414
978, 0.444473, 0.065, 661090
979, 0.440993, 0.063, 661766
980, 0.440671, 0.06, 662442
981, 0.434785, 0.058, 663117
982, 0.432819, 0.059, 663793
983, 0.431602, 0.059, 664470
984, 0.434724, 0.06, 665145
985, 0.425474, 0.057, 665821
986, 0.446004, 0.058, 666498
987, 0.423809, 0.055, 667173
988, 0.411477, 0.054, 667849
989, 0.421504, 0.055, 668525
990, 0.415136, 0.059, 669201
991, 0.403925, 0.057, 669877
992, 0.461956, 0.064, 670553
993, 0.473033, 0.067, 671229
994, 0.471502, 0.067, 671905
995, 0.452408, 0.064, 672581
996, 0.44737, 0.064, 673257
997, 0.445731, 0.065, 673933
998, 0.463349, 0.067, 674609
999, 0.461477, 0.064, 675285
1000, 0.451841, 0.065, 675961
