epoch, cross_entropy, error, time
1, 32.2297, 0.877, 1221
2, 6.58329, 0.611, 2571
3, 4.02318, 0.45, 3920
4, 3.28391, 0.428, 5270
5, 3.13452, 0.413, 6620
6, 3.05542, 0.4, 7970
7, 3.20674, 0.406, 9320
8, 2.83986, 0.388, 10669
9, 2.47056, 0.333, 12018
10, 2.34866, 0.33, 13367
11, 2.19679, 0.317, 14716
12, 2.26303, 0.311, 16064
13, 2.25277, 0.304, 17415
14, 2.4802, 0.347, 18763
15, 2.32456, 0.334, 20112
16, 2.52117, 0.367, 21461
17, 2.28338, 0.329, 22809
18, 2.72046, 0.373, 24158
19, 2.99069, 0.43, 25507
20, 2.72599, 0.402, 26855
21, 2.60909, 0.385, 28204
22, 2.55011, 0.359, 29553
23, 2.30849, 0.345, 30909
24, 2.15055, 0.313, 32258
25, 2.15116, 0.322, 33607
26, 2.18095, 0.32, 34955
27, 2.24133, 0.342, 36304
28, 2.42246, 0.348, 37652
29, 2.24991, 0.315, 39001
30, 2.01465, 0.291, 40350
31, 1.84313, 0.26, 41698
32, 1.77312, 0.258, 43047
33, 1.86924, 0.264, 44396
34, 2.09122, 0.316, 45745
35, 1.99248, 0.306, 47093
36, 1.99157, 0.289, 48442
37, 2.0147, 0.295, 49791
38, 1.84366, 0.284, 51139
39, 1.77647, 0.276, 52488
40, 1.67428, 0.253, 53837
41, 1.6154, 0.251, 55186
42, 1.51631, 0.232, 56534
43, 1.57995, 0.25, 57883
44, 1.55159, 0.248, 59231
45, 1.63553, 0.25, 60580
46, 1.72008, 0.26, 61929
47, 1.69642, 0.26, 63277
48, 1.58422, 0.242, 64626
49, 1.54396, 0.245, 65975
50, 1.58818, 0.248, 67323
51, 1.59271, 0.242, 68672
52, 1.42634, 0.221, 70020
53, 1.32574, 0.207, 71369
54, 1.2982, 0.205, 72717
55, 1.26356, 0.206, 74066
56, 1.23909, 0.201, 75415
57, 1.22341, 0.2, 76765
58, 1.27729, 0.2, 78113
59, 1.33119, 0.198, 79462
60, 1.24075, 0.188, 80811
61, 1.16758, 0.176, 82159
62, 1.27225, 0.198, 83508
63, 1.23498, 0.184, 84857
64, 1.17532, 0.181, 86205
65, 1.15806, 0.186, 87554
66, 1.1563, 0.177, 88902
67, 1.39316, 0.213, 90251
68, 1.84426, 0.244, 91600
69, 1.62368, 0.23, 92948
70, 1.42154, 0.213, 94297
71, 1.3193, 0.206, 95646
72, 1.2311, 0.194, 96994
73, 1.2364, 0.195, 98343
74, 1.22088, 0.189, 99692
75, 1.18165, 0.198, 101040
76, 1.25566, 0.194, 102389
77, 1.18006, 0.181, 103738
78, 1.16574, 0.188, 105087
79, 1.145, 0.177, 106436
80, 1.07381, 0.154, 107785
81, 1.10289, 0.168, 109133
82, 1.13731, 0.167, 110482
83, 1.07542, 0.166, 111831
84, 1.03481, 0.161, 113180
85, 0.99264, 0.163, 114529
86, 0.949131, 0.159, 115877
87, 0.946389, 0.15, 117226
88, 0.939016, 0.151, 118575
89, 1.02122, 0.153, 119924
90, 1.00701, 0.155, 121273
91, 1.05816, 0.165, 122621
92, 1.02337, 0.167, 123970
93, 1.02558, 0.162, 125319
94, 0.991025, 0.157, 126668
95, 0.974961, 0.147, 128017
96, 0.988121, 0.148, 129366
97, 1.01032, 0.145, 130714
98, 1.06852, 0.175, 132063
99, 0.994962, 0.164, 133412
100, 1.04914, 0.168, 134761
101, 1.02238, 0.16, 136109
102, 0.987683, 0.153, 137460
103, 0.915151, 0.149, 138808
104, 0.904368, 0.149, 140157
105, 0.87152, 0.148, 141506
106, 0.865991, 0.143, 142855
107, 0.846578, 0.141, 144204
108, 0.846545, 0.134, 145553
109, 0.874336, 0.137, 146901
110, 0.854019, 0.129, 148250
111, 0.805303, 0.131, 149599
112, 0.778716, 0.132, 150947
113, 0.762968, 0.134, 152296
114, 0.757005, 0.132, 153645
115, 0.75344, 0.124, 154994
116, 0.756922, 0.118, 156342
117, 0.756894, 0.114, 157691
118, 0.737378, 0.115, 159040
119, 0.77095, 0.119, 160388
120, 0.8683, 0.131, 161737
121, 0.88779, 0.142, 163086
122, 0.835117, 0.131, 164434
123, 0.909376, 0.151, 165783
124, 0.911493, 0.145, 167132
125, 0.864444, 0.147, 168481
126, 0.853956, 0.14, 169829
127, 0.851484, 0.137, 171177
128, 0.91396, 0.143, 172526
129, 0.929902, 0.143, 173875
130, 0.857028, 0.138, 175223
131, 0.901972, 0.141, 176572
132, 0.861991, 0.142, 177921
133, 0.823524, 0.141, 179269
134, 0.821036, 0.136, 180618
135, 0.835364, 0.138, 181966
136, 0.825212, 0.138, 183315
137, 0.870025, 0.14, 184664
138, 0.944448, 0.15, 186012
139, 0.89032, 0.144, 187361
140, 0.838828, 0.128, 188710
141, 0.787824, 0.122, 190058
142, 0.75572, 0.114, 191407
143, 0.772605, 0.117, 192755
144, 0.753853, 0.116, 194104
145, 0.774553, 0.121, 195453
146, 0.805404, 0.127, 196802
147, 0.80111, 0.125, 198151
148, 0.790435, 0.121, 199500
149, 0.773536, 0.12, 200848
150, 0.761877, 0.117, 202197
151, 0.737758, 0.115, 203545
152, 0.706556, 0.112, 204894
153, 0.684765, 0.109, 206243
154, 0.670408, 0.103, 207591
155, 0.759339, 0.127, 208940
156, 0.874028, 0.148, 210289
157, 0.842603, 0.139, 211637
158, 0.837985, 0.137, 212986
159, 0.830816, 0.142, 214334
160, 0.827332, 0.137, 215683
161, 0.87692, 0.146, 217031
162, 0.870711, 0.143, 218380
163, 0.835229, 0.134, 219729
164, 0.811012, 0.128, 221078
165, 0.806098, 0.133, 222426
166, 0.818174, 0.132, 223775
167, 0.795062, 0.131, 225124
168, 0.774277, 0.133, 226472
169, 0.759828, 0.127, 227821
170, 0.735464, 0.125, 229170
171, 0.736325, 0.125, 230518
172, 0.739422, 0.126, 231867
173, 0.72932, 0.12, 233216
174, 0.744099, 0.123, 234565
175, 0.787305, 0.125, 235913
176, 0.754122, 0.12, 237262
177, 0.758562, 0.12, 238611
178, 0.891986, 0.134, 239960
179, 0.930345, 0.159, 241308
180, 0.872946, 0.149, 242657
181, 0.863367, 0.149, 244006
182, 0.843586, 0.149, 245355
183, 0.815006, 0.134, 246703
184, 0.787689, 0.131, 248052
185, 0.856488, 0.145, 249401
186, 0.823309, 0.132, 250750
187, 0.851083, 0.133, 252098
188, 0.862012, 0.128, 253447
189, 0.879088, 0.136, 254796
190, 0.872798, 0.132, 256144
191, 0.868928, 0.136, 257496
192, 0.876544, 0.139, 258845
193, 0.870328, 0.136, 260193
194, 0.848362, 0.138, 261542
195, 0.847331, 0.137, 262891
196, 0.812726, 0.133, 264240
197, 0.914226, 0.153, 265589
198, 0.901206, 0.156, 266937
199, 0.921398, 0.151, 268286
200, 0.913615, 0.139, 269635
201, 0.904802, 0.141, 270983
202, 0.902571, 0.138, 272332
203, 0.89198, 0.136, 273681
204, 0.865248, 0.135, 275030
205, 0.909549, 0.137, 276378
206, 0.888488, 0.142, 277727
207, 0.885445, 0.123, 279076
208, 0.966814, 0.136, 280425
209, 0.885834, 0.133, 281773
210, 0.89512, 0.135, 283122
211, 0.887793, 0.136, 284471
212, 0.887307, 0.139, 285820
213, 0.841963, 0.128, 287169
214, 0.833841, 0.124, 288518
215, 0.805254, 0.121, 289866
216, 0.797508, 0.131, 291215
217, 0.816822, 0.131, 292564
218, 0.791462, 0.125, 293912
219, 0.77868, 0.116, 295261
220, 0.821864, 0.126, 296610
221, 0.862627, 0.137, 297958
222, 0.816462, 0.123, 299307
223, 0.933317, 0.142, 300656
224, 0.863445, 0.14, 302005
225, 0.831158, 0.134, 303354
226, 0.784448, 0.124, 304702
227, 0.770417, 0.127, 306051
228, 0.758826, 0.122, 307400
229, 0.785542, 0.127, 308748
230, 0.783779, 0.127, 310097
231, 0.784681, 0.124, 311446
232, 0.811484, 0.133, 312795
233, 0.833421, 0.128, 314144
234, 0.808932, 0.123, 315492
235, 0.808793, 0.125, 316842
236, 0.779849, 0.112, 318191
237, 0.777657, 0.122, 319540
238, 0.761557, 0.119, 320892
239, 0.740888, 0.117, 322241
240, 0.720515, 0.115, 323589
241, 0.731377, 0.116, 324938
242, 0.744365, 0.12, 326292
243, 0.752828, 0.116, 327640
244, 0.747145, 0.11, 328989
245, 0.745822, 0.111, 330338
246, 0.733047, 0.109, 331686
247, 0.712632, 0.102, 333035
248, 0.700295, 0.1, 334384
249, 0.690324, 0.101, 335732
250, 0.677888, 0.1, 337081
251, 0.677796, 0.104, 338430
252, 0.947573, 0.127, 339779
253, 0.969711, 0.131, 341127
254, 0.849043, 0.127, 342476
255, 0.792205, 0.114, 343825
256, 0.774557, 0.11, 345174
257, 0.735501, 0.105, 346522
258, 0.703171, 0.104, 347871
259, 0.692479, 0.1, 349220
260, 0.687468, 0.095, 350569
261, 0.682965, 0.099, 351917
262, 0.678924, 0.101, 353266
263, 0.669733, 0.099, 354614
264, 0.644604, 0.098, 355963
265, 0.639828, 0.097, 357312
266, 0.634158, 0.098, 358661
267, 0.643428, 0.104, 360009
268, 0.644086, 0.102, 361358
269, 0.651696, 0.103, 362707
270, 0.637332, 0.105, 364056
271, 0.615479, 0.095, 365404
272, 0.665094, 0.099, 366753
273, 0.665809, 0.098, 368102
274, 0.651127, 0.094, 369450
275, 0.640846, 0.094, 370799
276, 0.624826, 0.091, 372148
277, 0.614876, 0.091, 373496
278, 0.610253, 0.087, 374845
279, 0.594082, 0.093, 376194
280, 0.578271, 0.092, 377546
281, 0.571533, 0.09, 378895
282, 0.56635, 0.087, 380244
283, 0.548532, 0.084, 381593
284, 0.888244, 0.116, 382941
285, 0.813459, 0.104, 384290
286, 0.765093, 0.101, 385639
287, 0.750553, 0.105, 386988
288, 0.759444, 0.102, 388337
289, 0.746018, 0.1, 389685
290, 0.716593, 0.1, 391034
291, 0.681104, 0.095, 392383
292, 0.668503, 0.096, 393732
293, 0.669024, 0.092, 395080
294, 0.658963, 0.092, 396429
295, 0.636562, 0.091, 397778
296, 0.637846, 0.088, 399127
297, 0.641313, 0.095, 400476
298, 0.668785, 0.102, 401824
299, 0.672936, 0.102, 403173
300, 0.655822, 0.097, 404522
301, 0.674878, 0.099, 405871
302, 0.678982, 0.096, 407220
303, 0.67302, 0.093, 408569
304, 0.685444, 0.097, 409918
305, 0.667143, 0.101, 411266
306, 0.670449, 0.099, 412615
307, 0.658407, 0.097, 413964
308, 0.647526, 0.096, 415313
309, 0.684593, 0.099, 416662
310, 0.696024, 0.098, 418011
311, 0.708523, 0.109, 419360
312, 0.763346, 0.124, 420708
313, 0.76207, 0.12, 422061
314, 0.784351, 0.123, 423410
315, 0.75006, 0.119, 424758
316, 0.712895, 0.114, 426107
317, 0.692934, 0.107, 427456
318, 0.681462, 0.103, 428805
319, 0.653639, 0.096, 430153
320, 0.649488, 0.096, 431502
321, 0.700146, 0.1, 432851
322, 0.719511, 0.118, 434200
323, 0.713829, 0.113, 435548
324, 0.684716, 0.111, 436898
325, 0.687728, 0.11, 438247
326, 0.664838, 0.105, 439595
327, 0.654829, 0.103, 440944
328, 0.648233, 0.104, 442293
329, 0.647047, 0.099, 443642
330, 0.636198, 0.098, 444991
331, 0.636666, 0.097, 446339
332, 0.649149, 0.098, 447688
333, 0.726691, 0.108, 449037
334, 0.705364, 0.096, 450398
335, 0.691221, 0.087, 451746
336, 0.665825, 0.094, 453096
337, 0.644278, 0.095, 454445
338, 0.658126, 0.09, 455793
339, 0.74397, 0.109, 457142
340, 0.724834, 0.111, 458491
341, 0.695154, 0.111, 459839
342, 0.685612, 0.112, 461188
343, 0.719154, 0.12, 462537
344, 0.729812, 0.118, 463886
345, 0.714836, 0.122, 465236
346, 0.703479, 0.114, 466585
347, 0.717118, 0.106, 467934
348, 0.68713, 0.106, 469282
349, 0.662619, 0.1, 470631
350, 0.656782, 0.102, 471980
351, 0.664982, 0.104, 473329
352, 0.696071, 0.107, 474678
353, 0.668521, 0.101, 476026
354, 0.651794, 0.101, 477375
355, 0.665918, 0.106, 478724
356, 0.664941, 0.105, 480073
357, 0.72384, 0.111, 481421
358, 0.690768, 0.102, 482770
359, 0.670648, 0.102, 484119
360, 0.655911, 0.097, 485468
361, 0.646804, 0.099, 486817
362, 0.670155, 0.098, 488165
363, 0.680405, 0.101, 489514
364, 0.654334, 0.1, 490863
365, 0.689463, 0.102, 492211
366, 0.692067, 0.101, 493560
367, 0.676335, 0.1, 494909
368, 0.671229, 0.097, 496258
369, 0.715242, 0.104, 497608
370, 0.668501, 0.104, 498957
371, 0.689035, 0.104, 500306
372, 0.649868, 0.094, 501654
373, 0.672374, 0.097, 503003
374, 0.735276, 0.108, 504352
375, 0.696384, 0.109, 505700
376, 0.757643, 0.112, 507049
377, 0.745615, 0.107, 508398
378, 0.858295, 0.131, 509746
379, 0.839859, 0.133, 511095
380, 0.798867, 0.127, 512444
381, 0.773198, 0.125, 513793
382, 0.769261, 0.121, 515141
383, 0.76285, 0.119, 516490
384, 0.756823, 0.121, 517839
385, 0.743199, 0.121, 519188
386, 0.738818, 0.114, 520536
387, 0.742308, 0.115, 521885
388, 0.733292, 0.115, 523234
389, 0.744993, 0.118, 524583
390, 0.760525, 0.128, 525932
391, 0.734023, 0.121, 527280
392, 0.895045, 0.139, 528630
393, 0.844015, 0.128, 529978
394, 0.824878, 0.132, 531327
395, 0.809347, 0.124, 532676
396, 0.815148, 0.132, 534024
397, 0.804293, 0.131, 535373
398, 0.801034, 0.129, 536722
399, 0.798155, 0.128, 538070
400, 0.774697, 0.126, 539419
401, 0.76649, 0.124, 540768
402, 0.813824, 0.131, 542117
403, 0.795133, 0.122, 543466
404, 0.786349, 0.12, 544814
405, 0.77802, 0.124, 546163
406, 0.781603, 0.123, 547512
407, 0.823127, 0.136, 548861
408, 0.806804, 0.128, 550210
409, 0.780667, 0.121, 551559
410, 0.761384, 0.117, 552908
411, 0.784166, 0.113, 554257
412, 0.77585, 0.121, 555606
413, 0.812311, 0.123, 556960
414, 0.822522, 0.129, 558309
415, 0.795322, 0.124, 559659
416, 0.803257, 0.125, 561009
417, 0.80684, 0.125, 562358
418, 0.778539, 0.127, 563707
419, 0.770682, 0.125, 565056
420, 0.774355, 0.125, 566406
421, 0.77795, 0.124, 567755
422, 0.753752, 0.119, 569104
423, 0.744923, 0.114, 570453
424, 0.73677, 0.119, 571801
425, 0.867599, 0.132, 573150
426, 0.818876, 0.127, 574501
427, 0.782643, 0.125, 575851
428, 0.755775, 0.124, 577200
429, 0.77675, 0.13, 578549
430, 0.766004, 0.128, 579898
431, 0.796583, 0.13, 581247
432, 0.850668, 0.146, 582598
433, 0.834969, 0.146, 583947
434, 0.815569, 0.145, 585297
435, 0.804213, 0.142, 586646
436, 0.808073, 0.133, 587995
437, 0.792071, 0.132, 589345
438, 0.776113, 0.13, 590694
439, 0.779286, 0.128, 592048
440, 0.769407, 0.129, 593398
441, 0.755001, 0.128, 594747
442, 0.771601, 0.125, 596096
443, 0.748102, 0.123, 597445
444, 0.721427, 0.114, 598794
445, 0.720647, 0.117, 600142
446, 0.712977, 0.122, 601491
447, 0.711737, 0.12, 602840
448, 0.697887, 0.112, 604188
449, 0.689087, 0.111, 605537
450, 0.77134, 0.125, 606895
451, 0.779506, 0.131, 608244
452, 0.771207, 0.13, 609592
453, 0.769247, 0.132, 610941
454, 0.772806, 0.128, 612290
455, 0.772975, 0.126, 613639
456, 0.77552, 0.124, 614988
457, 0.745594, 0.123, 616336
458, 0.732751, 0.12, 617694
459, 0.717909, 0.115, 619043
460, 0.7061, 0.111, 620393
461, 0.761841, 0.116, 621742
462, 0.718712, 0.107, 623096
463, 0.704745, 0.106, 624445
464, 0.714569, 0.108, 625794
465, 0.696612, 0.107, 627143
466, 0.724856, 0.116, 628493
467, 0.762099, 0.128, 629842
468, 0.750366, 0.12, 631191
469, 0.725845, 0.115, 632541
470, 0.695318, 0.111, 633889
471, 0.678446, 0.109, 635238
472, 0.67795, 0.112, 636595
473, 0.672089, 0.111, 637947
474, 0.64593, 0.107, 639298
475, 0.635941, 0.102, 640649
476, 0.650411, 0.104, 641999
477, 0.667304, 0.106, 643350
478, 0.654417, 0.109, 644706
479, 0.64456, 0.099, 646056
480, 0.634201, 0.092, 647405
481, 0.616415, 0.093, 648754
482, 0.62197, 0.095, 650104
483, 0.610382, 0.092, 651453
484, 0.806767, 0.122, 652803
485, 0.800945, 0.131, 654152
486, 0.769943, 0.114, 655502
487, 0.742713, 0.111, 656851
488, 0.711835, 0.11, 658200
489, 0.706522, 0.111, 659550
490, 0.679404, 0.106, 660899
491, 0.69974, 0.113, 662247
492, 0.688158, 0.114, 663596
493, 0.661434, 0.105, 664945
494, 0.650609, 0.104, 666293
495, 0.642655, 0.098, 667642
496, 0.633416, 0.096, 668990
497, 0.625509, 0.095, 670339
498, 0.600175, 0.092, 671687
499, 0.616357, 0.095, 673036
500, 0.645262, 0.101, 674385
501, 0.62004, 0.093, 675733
502, 0.619324, 0.093, 677094
503, 0.608898, 0.099, 678443
504, 0.603288, 0.099, 679791
505, 0.591318, 0.095, 681140
506, 0.57292, 0.09, 682488
507, 0.575273, 0.087, 683837
508, 0.562187, 0.088, 685185
509, 0.566669, 0.085, 686534
510, 0.582872, 0.088, 687882
511, 0.583017, 0.094, 689231
512, 0.582235, 0.093, 690579
513, 0.585235, 0.092, 691928
514, 0.578745, 0.09, 693276
515, 0.574359, 0.093, 694625
516, 0.573246, 0.091, 695974
517, 0.577125, 0.093, 697322
518, 0.577625, 0.089, 698671
519, 0.560174, 0.087, 700019
520, 0.567694, 0.087, 701368
521, 0.567517, 0.09, 702716
522, 0.559955, 0.089, 704065
523, 0.615368, 0.082, 705414
524, 0.561838, 0.081, 706762
525, 0.540427, 0.079, 708111
526, 0.546905, 0.077, 709460
527, 0.542715, 0.079, 710809
528, 0.51678, 0.075, 712157
529, 0.565192, 0.081, 713506
530, 0.588506, 0.084, 714854
531, 0.569368, 0.082, 716203
532, 0.566134, 0.083, 717552
533, 0.549041, 0.075, 718900
534, 0.541243, 0.076, 720249
535, 0.53306, 0.073, 721597
536, 0.555162, 0.081, 722945
537, 0.545879, 0.079, 724294
538, 0.536229, 0.078, 725642
539, 0.52351, 0.072, 726991
540, 0.532453, 0.076, 728339
541, 0.515008, 0.075, 729688
542, 0.525343, 0.071, 731036
543, 0.528222, 0.073, 732385
544, 0.528988, 0.075, 733734
545, 0.529345, 0.074, 735082
546, 0.520692, 0.072, 736430
547, 0.519549, 0.078, 737780
548, 0.539062, 0.075, 739129
549, 0.558961, 0.076, 740479
550, 0.565722, 0.076, 741827
551, 0.561394, 0.074, 743176
552, 0.541477, 0.076, 744525
553, 0.522581, 0.073, 745874
554, 0.502939, 0.071, 747223
555, 0.503725, 0.072, 748572
556, 0.489294, 0.071, 749921
557, 0.481945, 0.07, 751270
558, 0.476006, 0.072, 752618
559, 0.475684, 0.075, 753967
560, 0.504177, 0.073, 755316
561, 0.496472, 0.073, 756665
562, 0.512158, 0.073, 758014
563, 0.608389, 0.089, 759363
564, 0.577233, 0.083, 760712
565, 0.56176, 0.081, 762061
566, 0.546292, 0.081, 763410
567, 0.561484, 0.086, 764759
568, 0.548691, 0.08, 766108
569, 0.533861, 0.08, 767457
570, 0.519168, 0.078, 768806
571, 0.5207, 0.08, 770154
572, 0.532102, 0.082, 771503
573, 0.536811, 0.081, 772852
574, 0.523112, 0.077, 774201
575, 0.527132, 0.078, 775550
576, 0.513578, 0.071, 776899
577, 0.514003, 0.075, 778248
578, 0.507253, 0.074, 779596
579, 0.565586, 0.084, 780945
580, 0.594527, 0.096, 782294
581, 0.567415, 0.091, 783643
582, 0.542474, 0.084, 784992
583, 0.533163, 0.084, 786341
584, 0.530273, 0.083, 787690
585, 0.509986, 0.083, 789038
586, 0.503906, 0.082, 790387
587, 0.51232, 0.078, 791736
588, 0.532213, 0.078, 793085
589, 0.576365, 0.084, 794434
590, 0.572185, 0.089, 795782
591, 0.553782, 0.087, 797133
592, 0.548881, 0.087, 798481
593, 0.538431, 0.079, 799830
594, 0.527657, 0.077, 801179
595, 0.5217, 0.078, 802527
596, 0.528053, 0.08, 803876
597, 0.525286, 0.08, 805225
598, 0.526195, 0.082, 806574
599, 0.520345, 0.083, 807923
600, 0.58768, 0.092, 809272
601, 0.599853, 0.094, 810621
602, 0.604934, 0.095, 811969
603, 0.59866, 0.093, 813318
604, 0.628854, 0.097, 814667
605, 0.643508, 0.102, 816016
606, 0.618757, 0.095, 817365
607, 0.586133, 0.09, 818714
608, 0.584021, 0.087, 820063
609, 0.57852, 0.086, 821411
610, 0.739249, 0.097, 822760
611, 0.777113, 0.106, 824109
612, 0.773936, 0.105, 825458
613, 0.738248, 0.101, 826806
614, 0.738984, 0.113, 828156
615, 0.713519, 0.105, 829504
616, 0.679893, 0.107, 830853
617, 0.665719, 0.104, 832202
618, 0.657212, 0.099, 833551
619, 0.635782, 0.102, 834899
620, 0.62994, 0.103, 836248
621, 0.625055, 0.096, 837597
622, 0.624759, 0.098, 838946
623, 0.618434, 0.096, 840295
624, 0.622336, 0.102, 841644
625, 0.606903, 0.095, 842993
626, 0.606795, 0.097, 844341
627, 0.617604, 0.101, 845690
628, 0.61912, 0.1, 847039
629, 0.608859, 0.104, 848388
630, 0.613037, 0.105, 849737
631, 0.598758, 0.102, 851085
632, 0.580839, 0.095, 852434
633, 0.559697, 0.089, 853783
634, 0.54814, 0.088, 855132
635, 0.543481, 0.086, 856481
636, 0.546864, 0.089, 857847
637, 0.54609, 0.089, 859196
638, 0.542885, 0.089, 860545
639, 0.546961, 0.088, 861894
640, 0.530735, 0.083, 863243
641, 0.532304, 0.084, 864592
642, 0.527548, 0.082, 865941
643, 0.526287, 0.081, 867290
644, 0.579261, 0.089, 868639
645, 0.615425, 0.089, 869987
646, 0.570723, 0.083, 871334
647, 0.55355, 0.082, 872681
648, 0.530397, 0.081, 874029
649, 0.514135, 0.082, 875376
650, 0.512571, 0.084, 876723
651, 0.498056, 0.08, 878070
652, 0.502797, 0.078, 879417
653, 0.491272, 0.073, 880765
654, 0.516143, 0.077, 882112
655, 0.506731, 0.074, 883459
656, 0.501853, 0.073, 884807
657, 0.483642, 0.072, 886154
658, 0.476226, 0.07, 887502
659, 0.46769, 0.066, 888849
660, 0.479529, 0.067, 890196
661, 0.45952, 0.064, 891543
662, 0.450985, 0.062, 892891
663, 0.434946, 0.06, 894238
664, 0.427655, 0.058, 895586
665, 0.426203, 0.059, 896933
666, 0.425011, 0.058, 898280
667, 0.422226, 0.056, 899628
668, 0.412487, 0.057, 900975
669, 0.424342, 0.058, 902322
670, 0.406564, 0.058, 903669
671, 0.400906, 0.058, 905016
672, 0.397481, 0.058, 906364
673, 0.487753, 0.073, 907711
674, 0.503211, 0.074, 909058
675, 0.478688, 0.067, 910406
676, 0.46139, 0.069, 911753
677, 0.463551, 0.067, 913100
678, 0.476427, 0.074, 914447
679, 0.452907, 0.071, 915794
680, 0.448925, 0.068, 917142
681, 0.459319, 0.066, 918490
682, 0.610504, 0.089, 919837
683, 0.619385, 0.085, 921184
684, 0.57711, 0.08, 922531
685, 0.556732, 0.081, 923878
686, 0.559834, 0.079, 925225
687, 0.552593, 0.079, 926573
688, 0.537373, 0.075, 927920
689, 0.545985, 0.078, 929267
690, 0.544284, 0.082, 930614
691, 0.535523, 0.081, 931961
692, 0.526764, 0.077, 933308
693, 0.527427, 0.073, 934655
694, 0.528679, 0.079, 936002
695, 0.57009, 0.086, 937350
696, 0.560805, 0.084, 938697
697, 0.54311, 0.083, 940044
698, 0.536815, 0.083, 941391
699, 0.520548, 0.076, 942738
700, 0.517694, 0.073, 944085
701, 0.51463, 0.072, 945433
702, 0.497057, 0.066, 946780
703, 0.494115, 0.066, 948127
704, 0.485941, 0.068, 949474
705, 0.568463, 0.079, 950821
706, 0.528305, 0.074, 952168
707, 0.519216, 0.073, 953516
708, 0.518644, 0.075, 954863
709, 0.506179, 0.074, 956210
710, 0.504745, 0.072, 957557
711, 0.501105, 0.073, 958904
712, 0.497197, 0.072, 960251
713, 0.496491, 0.078, 961599
714, 0.494463, 0.079, 962946
715, 0.509819, 0.08, 964293
716, 0.557873, 0.085, 965641
717, 0.53369, 0.08, 966988
718, 0.522266, 0.077, 968335
719, 0.506546, 0.075, 969683
720, 0.509818, 0.079, 971030
721, 0.54399, 0.079, 972377
722, 0.528059, 0.08, 973725
723, 0.512849, 0.079, 975072
724, 0.500955, 0.076, 976419
725, 0.503259, 0.076, 977768
726, 0.503375, 0.08, 979115
727, 0.487121, 0.078, 980462
728, 0.481778, 0.078, 981809
729, 0.481799, 0.077, 983156
730, 0.490082, 0.079, 984504
731, 0.49872, 0.081, 985851
732, 0.486728, 0.08, 987198
733, 0.484211, 0.08, 988545
734, 0.477085, 0.076, 989893
735, 0.471298, 0.072, 991240
736, 0.460036, 0.071, 992587
737, 0.454712, 0.074, 993934
738, 0.448177, 0.072, 995282
739, 0.445551, 0.072, 996629
740, 0.448283, 0.074, 997976
741, 0.445458, 0.074, 999324
742, 0.454099, 0.077, 1000671
743, 0.46123, 0.074, 1002018
744, 0.462917, 0.073, 1003365
745, 0.455076, 0.073, 1004712
746, 0.460095, 0.074, 1006060
747, 0.458339, 0.072, 1007407
748, 0.459513, 0.069, 1008754
749, 0.463389, 0.069, 1010102
750, 0.470329, 0.069, 1011449
751, 0.469827, 0.069, 1012796
752, 0.481295, 0.076, 1014143
753, 0.480729, 0.078, 1015490
754, 0.478583, 0.077, 1016837
755, 0.467668, 0.073, 1018185
756, 0.469632, 0.073, 1019532
757, 0.463168, 0.073, 1020879
758, 0.46038, 0.074, 1022227
759, 0.459229, 0.071, 1023574
760, 0.456738, 0.071, 1024921
761, 0.460895, 0.072, 1026268
762, 0.453583, 0.067, 1027616
763, 0.448588, 0.066, 1028963
764, 0.448715, 0.069, 1030310
765, 0.449065, 0.069, 1031657
766, 0.44117, 0.062, 1033005
767, 0.454188, 0.068, 1034352
768, 0.457616, 0.068, 1035699
769, 0.469789, 0.07, 1037047
770, 0.468339, 0.069, 1038395
771, 0.472623, 0.072, 1039742
772, 0.492641, 0.071, 1041089
773, 0.473824, 0.069, 1042437
774, 0.474565, 0.068, 1043784
775, 0.46979, 0.066, 1045131
776, 0.469972, 0.067, 1046478
777, 0.457241, 0.061, 1047826
778, 0.457413, 0.064, 1049173
779, 0.455006, 0.063, 1050520
780, 0.47029, 0.067, 1051868
781, 0.490451, 0.07, 1053215
782, 0.461499, 0.068, 1054562
783, 0.469456, 0.068, 1055910
784, 0.459281, 0.068, 1057257
785, 0.470422, 0.069, 1058604
786, 0.474251, 0.073, 1059952
787, 0.474914, 0.07, 1061299
788, 0.483589, 0.071, 1062646
789, 0.48752, 0.068, 1063994
790, 0.484519, 0.065, 1065341
791, 0.495991, 0.067, 1066689
792, 0.490373, 0.066, 1068036
793, 0.492657, 0.069, 1069383
794, 0.491946, 0.07, 1070731
795, 0.482226, 0.073, 1072078
796, 0.464229, 0.07, 1073426
797, 0.467002, 0.07, 1074773
798, 0.463547, 0.07, 1076120
799, 0.458457, 0.066, 1077468
800, 0.456117, 0.067, 1078815
801, 0.451582, 0.063, 1080163
802, 0.452972, 0.063, 1081510
803, 0.451227, 0.064, 1082857
804, 0.452742, 0.068, 1084205
805, 0.439219, 0.062, 1085552
806, 0.43526, 0.061, 1086900
807, 0.427473, 0.061, 1088247
808, 0.420316, 0.062, 1089595
809, 0.419585, 0.062, 1090942
810, 0.425293, 0.063, 1092289
811, 0.42562, 0.062, 1093637
812, 0.428923, 0.062, 1094984
813, 0.424958, 0.06, 1096332
814, 0.399441, 0.06, 1097680
815, 0.380303, 0.06, 1099028
816, 0.375793, 0.055, 1100375
817, 0.372974, 0.055, 1101723
818, 0.38026, 0.057, 1103070
819, 0.372884, 0.062, 1104417
820, 0.376165, 0.06, 1105764
821, 0.37643, 0.061, 1107112
822, 0.369625, 0.058, 1108459
823, 0.371633, 0.058, 1109807
824, 0.372593, 0.055, 1111154
825, 0.385196, 0.059, 1112502
826, 0.378553, 0.059, 1113849
827, 0.387418, 0.06, 1115196
828, 0.380039, 0.056, 1116544
829, 0.377516, 0.054, 1117891
830, 0.513039, 0.063, 1119239
831, 0.5677, 0.081, 1120586
832, 0.538047, 0.074, 1121934
833, 0.512496, 0.076, 1123281
834, 0.518177, 0.072, 1124629
835, 0.50227, 0.076, 1125976
836, 0.556526, 0.081, 1127323
837, 0.544491, 0.078, 1128671
838, 0.535328, 0.076, 1130019
839, 0.531352, 0.076, 1131366
840, 0.511451, 0.074, 1132713
841, 0.519493, 0.072, 1134061
842, 0.513482, 0.069, 1135408
843, 0.511513, 0.068, 1136756
844, 0.547212, 0.08, 1138103
845, 0.535445, 0.08, 1139450
846, 0.595764, 0.084, 1140797
847, 0.585258, 0.091, 1142144
848, 0.55995, 0.088, 1143491
849, 0.560873, 0.084, 1144839
850, 0.557898, 0.086, 1146186
851, 0.553187, 0.088, 1147533
852, 0.568385, 0.088, 1148881
853, 0.661375, 0.087, 1150228
854, 0.634183, 0.088, 1151575
855, 0.615809, 0.087, 1152923
856, 0.612434, 0.092, 1154270
857, 0.598159, 0.088, 1155617
858, 0.670563, 0.102, 1156966
859, 0.680894, 0.105, 1158313
860, 0.658447, 0.098, 1159661
861, 0.64463, 0.095, 1161008
862, 0.654318, 0.098, 1162355
863, 0.635783, 0.093, 1163703
864, 0.620534, 0.091, 1165050
865, 0.618783, 0.093, 1166397
866, 0.605106, 0.092, 1167745
867, 0.595204, 0.091, 1169092
868, 0.591046, 0.092, 1170439
869, 0.578415, 0.091, 1171786
870, 0.612771, 0.096, 1173133
871, 0.625568, 0.093, 1174480
872, 0.59761, 0.088, 1175828
873, 0.581479, 0.084, 1177175
874, 0.563562, 0.079, 1178522
875, 0.552684, 0.08, 1179870
876, 0.538848, 0.083, 1181217
877, 0.559606, 0.089, 1182564
878, 0.57078, 0.086, 1183911
879, 0.574143, 0.09, 1185259
880, 0.559901, 0.086, 1186606
881, 0.555633, 0.084, 1187953
882, 0.556347, 0.081, 1189301
883, 0.544562, 0.079, 1190648
884, 0.533738, 0.079, 1191995
885, 0.528712, 0.076, 1193342
886, 0.521416, 0.076, 1194689
887, 0.519152, 0.076, 1196037
888, 0.522732, 0.075, 1197384
889, 0.523129, 0.077, 1198732
890, 0.531659, 0.079, 1200079
891, 0.521506, 0.079, 1201426
892, 0.514923, 0.076, 1202774
893, 0.525042, 0.078, 1204121
894, 0.515579, 0.076, 1205468
895, 0.515483, 0.072, 1206815
896, 0.508787, 0.075, 1208162
897, 0.533317, 0.083, 1209510
898, 0.528105, 0.085, 1210857
899, 0.51223, 0.078, 1212204
900, 0.509079, 0.076, 1213551
901, 0.501829, 0.076, 1214899
902, 0.535488, 0.081, 1216246
903, 0.513744, 0.078, 1217594
904, 0.519478, 0.079, 1218941
905, 0.505974, 0.079, 1220289
906, 0.497639, 0.073, 1221636
907, 0.483159, 0.072, 1222983
908, 0.489961, 0.072, 1224331
909, 0.47013, 0.073, 1225678
910, 0.503887, 0.08, 1227025
911, 0.448276, 0.071, 1228373
912, 0.451768, 0.074, 1229720
913, 0.443377, 0.072, 1231068
914, 0.456964, 0.073, 1232415
915, 0.445022, 0.069, 1233762
916, 0.428559, 0.067, 1235110
917, 0.437204, 0.065, 1236457
918, 0.463272, 0.065, 1237804
919, 0.440073, 0.065, 1239152
920, 0.450804, 0.069, 1240499
921, 0.45119, 0.072, 1241846
922, 0.430274, 0.069, 1243194
923, 0.434622, 0.067, 1244541
924, 0.43355, 0.063, 1245888
925, 0.425776, 0.06, 1247236
926, 0.445338, 0.065, 1248583
927, 0.477046, 0.07, 1249930
928, 0.47268, 0.068, 1251278
929, 0.471814, 0.065, 1252625
930, 0.47169, 0.065, 1253972
931, 0.467918, 0.068, 1255319
932, 0.466139, 0.065, 1256666
933, 0.4716, 0.064, 1258014
934, 0.444713, 0.066, 1259380
935, 0.497081, 0.073, 1260727
936, 0.550852, 0.08, 1262074
937, 0.523445, 0.076, 1263421
938, 0.494351, 0.07, 1264769
939, 0.483829, 0.072, 1266116
940, 0.500514, 0.075, 1267463
941, 0.493993, 0.069, 1268810
942, 0.551896, 0.075, 1270157
943, 0.532628, 0.072, 1271504
944, 0.517256, 0.072, 1272851
945, 0.521996, 0.071, 1274198
946, 0.500697, 0.066, 1275545
947, 0.496485, 0.069, 1276897
948, 0.479151, 0.072, 1278245
949, 0.470058, 0.071, 1279592
950, 0.462569, 0.068, 1280939
951, 0.465272, 0.068, 1282286
952, 0.455283, 0.065, 1283633
953, 0.462454, 0.071, 1284980
954, 0.459151, 0.068, 1286327
955, 0.457867, 0.069, 1287675
956, 0.453769, 0.068, 1289022
957, 0.443278, 0.067, 1290369
958, 0.452543, 0.066, 1291716
959, 0.43917, 0.062, 1293063
960, 0.438634, 0.062, 1294410
961, 0.447208, 0.066, 1295757
962, 0.437437, 0.062, 1297105
963, 0.446974, 0.064, 1298452
964, 0.438689, 0.061, 1299799
965, 0.424599, 0.058, 1301146
966, 0.427088, 0.06, 1302494
967, 0.43143, 0.06, 1303841
968, 0.433695, 0.059, 1305188
969, 0.431621, 0.057, 1306535
970, 0.417892, 0.056, 1307883
971, 0.41704, 0.055, 1309230
972, 0.406731, 0.056, 1310577
973, 0.423267, 0.056, 1311925
974, 0.418998, 0.056, 1313272
975, 0.414517, 0.052, 1314619
976, 0.39803, 0.053, 1315966
977, 0.394998, 0.053, 1317313
978, 0.389129, 0.053, 1318660
979, 0.383232, 0.052, 1320008
980, 0.384679, 0.052, 1321355
981, 0.38628, 0.05, 1322702
982, 0.390024, 0.055, 1324049
983, 0.399169, 0.053, 1325397
984, 0.405735, 0.054, 1326744
985, 0.387132, 0.051, 1328091
986, 0.397351, 0.055, 1329438
987, 0.423136, 0.059, 1330786
988, 0.411786, 0.054, 1332133
989, 0.409201, 0.055, 1333480
990, 0.424207, 0.059, 1334827
991, 0.430516, 0.054, 1336175
992, 0.428049, 0.053, 1337523
993, 0.417143, 0.05, 1338870
994, 0.416789, 0.055, 1340217
995, 0.41808, 0.051, 1341564
996, 0.412577, 0.051, 1342911
997, 0.411884, 0.049, 1344258
998, 0.404924, 0.049, 1345605
999, 0.398672, 0.049, 1346953
1000, 0.427866, 0.054, 1348300
