epoch, cross_entropy, error, time
1, 29.4856, 0.91, 306
2, 5.12673, 0.741, 645
3, 3.13378, 0.607, 984
4, 2.43083, 0.502, 1323
5, 2.26535, 0.481, 1663
6, 2.32524, 0.469, 2001
7, 2.43118, 0.509, 2340
8, 2.22125, 0.468, 2680
9, 2.51999, 0.552, 3018
10, 2.46191, 0.557, 3358
11, 2.33322, 0.506, 3697
12, 2.57423, 0.571, 4036
13, 2.52776, 0.549, 4375
14, 2.48047, 0.538, 4714
15, 2.31893, 0.508, 5053
16, 2.27992, 0.498, 5392
17, 2.1217, 0.471, 5731
18, 2.01546, 0.449, 6070
19, 1.90294, 0.406, 6409
20, 1.82149, 0.384, 6748
21, 1.75277, 0.367, 7087
22, 1.71683, 0.357, 7426
23, 1.65546, 0.343, 7765
24, 1.72634, 0.363, 8104
25, 1.71114, 0.358, 8443
26, 1.76799, 0.368, 8782
27, 1.70372, 0.349, 9121
28, 1.64463, 0.319, 9461
29, 1.57822, 0.315, 9800
30, 1.53164, 0.305, 10139
31, 1.51793, 0.301, 10477
32, 1.47752, 0.306, 10817
33, 1.45622, 0.299, 11156
34, 1.46511, 0.296, 11495
35, 1.41327, 0.288, 11834
36, 1.404, 0.284, 12173
37, 1.46145, 0.29, 12512
38, 1.49758, 0.297, 12851
39, 1.49681, 0.303, 13190
40, 1.45163, 0.294, 13529
41, 1.46352, 0.271, 13868
42, 1.39769, 0.269, 14207
43, 1.37253, 0.269, 14546
44, 1.41646, 0.277, 14885
45, 1.3646, 0.267, 15224
46, 1.38867, 0.273, 15563
47, 1.35238, 0.269, 15903
48, 1.31787, 0.257, 16242
49, 1.29692, 0.258, 16580
50, 1.26297, 0.254, 16920
51, 1.32066, 0.252, 17259
52, 1.2272, 0.249, 17598
53, 1.20981, 0.24, 17937
54, 1.2194, 0.235, 18276
55, 1.20634, 0.235, 18615
56, 1.2089, 0.224, 18954
57, 1.33072, 0.24, 19293
58, 1.26977, 0.237, 19633
59, 1.29355, 0.245, 19971
60, 1.29787, 0.263, 20311
61, 1.28737, 0.266, 20650
62, 1.27685, 0.271, 20988
63, 1.26089, 0.268, 21327
64, 1.23264, 0.255, 21667
65, 1.2925, 0.26, 22006
66, 1.38824, 0.29, 22345
67, 1.32609, 0.27, 22684
68, 1.30907, 0.266, 23023
69, 1.41416, 0.264, 23362
70, 1.34407, 0.255, 23701
71, 1.32139, 0.254, 24040
72, 1.28771, 0.251, 24379
73, 1.34117, 0.266, 24718
74, 1.36414, 0.276, 25057
75, 1.35011, 0.273, 25396
76, 1.38197, 0.284, 25735
77, 1.38688, 0.293, 26074
78, 1.36274, 0.289, 26413
79, 1.36031, 0.29, 26752
80, 1.35979, 0.278, 27091
81, 1.33417, 0.268, 27431
82, 1.34813, 0.267, 27770
83, 1.39193, 0.269, 28109
84, 1.37397, 0.262, 28448
85, 1.34886, 0.257, 28787
86, 1.33839, 0.255, 29126
87, 1.33563, 0.254, 29465
88, 1.40938, 0.271, 29804
89, 1.37658, 0.264, 30143
90, 1.35355, 0.258, 30482
91, 1.32104, 0.253, 30821
92, 1.30478, 0.249, 31160
93, 1.2753, 0.243, 31499
94, 1.27388, 0.248, 31838
95, 1.25389, 0.24, 32177
96, 1.27587, 0.255, 32516
97, 1.25285, 0.251, 32855
98, 1.22614, 0.245, 33194
99, 1.223, 0.239, 33533
100, 1.24455, 0.254, 33872
101, 1.26731, 0.262, 34211
102, 1.23385, 0.256, 34550
103, 1.20758, 0.256, 34889
104, 1.19368, 0.249, 35228
105, 1.18951, 0.246, 35567
106, 1.18901, 0.244, 35906
107, 1.18345, 0.245, 36245
108, 1.17052, 0.231, 36584
109, 1.16721, 0.243, 36923
110, 1.25562, 0.256, 37262
111, 1.39146, 0.291, 37601
112, 1.34472, 0.281, 37940
113, 1.33928, 0.277, 38279
114, 1.31379, 0.271, 38618
115, 1.30437, 0.277, 38957
116, 1.29405, 0.284, 39296
117, 1.26428, 0.276, 39635
118, 1.26752, 0.272, 39974
119, 1.25567, 0.267, 40313
120, 1.41387, 0.284, 40652
121, 1.37543, 0.277, 40991
122, 1.32059, 0.261, 41330
123, 1.35599, 0.28, 41669
124, 1.34658, 0.277, 42008
125, 1.34918, 0.274, 42347
126, 1.34193, 0.275, 42686
127, 1.334, 0.275, 43025
128, 1.3349, 0.28, 43364
129, 1.32459, 0.275, 43703
130, 1.31209, 0.267, 44042
131, 1.26534, 0.255, 44381
132, 1.22452, 0.231, 44720
133, 1.52196, 0.279, 45059
134, 1.52378, 0.29, 45398
135, 1.43418, 0.283, 45737
136, 1.40677, 0.285, 46076
137, 1.41499, 0.279, 46415
138, 1.38211, 0.271, 46754
139, 1.37322, 0.264, 47093
140, 1.32397, 0.26, 47432
141, 1.28503, 0.249, 47771
142, 1.23802, 0.238, 48110
143, 1.21372, 0.23, 48449
144, 1.19907, 0.233, 48788
145, 1.18239, 0.222, 49127
146, 1.17494, 0.218, 49466
147, 1.46866, 0.271, 49805
148, 1.3747, 0.259, 50144
149, 1.3259, 0.257, 50483
150, 1.31717, 0.259, 50823
151, 1.1942, 0.242, 51162
152, 1.17426, 0.231, 51502
153, 1.16717, 0.231, 51840
154, 1.13496, 0.234, 52180
155, 1.09075, 0.21, 52518
156, 1.06669, 0.201, 52857
157, 1.05112, 0.2, 53197
158, 1.03938, 0.198, 53536
159, 1.02693, 0.196, 53874
160, 1.02348, 0.197, 54214
161, 1.02325, 0.198, 54553
162, 1.01492, 0.19, 54892
163, 1.0071, 0.186, 55231
164, 1.13047, 0.207, 55570
165, 1.09325, 0.202, 55909
166, 1.06717, 0.197, 56248
167, 1.03849, 0.192, 56587
168, 1.05225, 0.192, 56926
169, 1.02978, 0.186, 57265
170, 1.00859, 0.179, 57604
171, 1.00302, 0.176, 57943
172, 0.996883, 0.169, 58282
173, 0.988103, 0.166, 58621
174, 0.99447, 0.173, 58960
175, 0.983745, 0.173, 59299
176, 0.982589, 0.176, 59638
177, 0.954849, 0.174, 59977
178, 0.956204, 0.18, 60316
179, 0.973417, 0.179, 60655
180, 0.952157, 0.176, 60994
181, 0.94625, 0.176, 61333
182, 0.944723, 0.181, 61673
183, 0.952806, 0.173, 62012
184, 0.955426, 0.169, 62351
185, 0.944319, 0.167, 62690
186, 0.939904, 0.167, 63029
187, 0.946694, 0.168, 63368
188, 0.939132, 0.168, 63707
189, 0.935765, 0.163, 64046
190, 0.948932, 0.177, 64385
191, 0.958787, 0.176, 64724
192, 0.947141, 0.174, 65063
193, 0.958141, 0.179, 65402
194, 0.957484, 0.18, 65741
195, 0.954541, 0.179, 66080
196, 0.949395, 0.185, 66419
197, 0.933466, 0.179, 66758
198, 0.934408, 0.179, 67097
199, 0.931268, 0.175, 67436
200, 0.926629, 0.174, 67775
201, 0.931354, 0.177, 68114
202, 1.00186, 0.181, 68453
203, 1.00742, 0.18, 68792
204, 0.994609, 0.175, 69131
205, 1.0044, 0.177, 69470
206, 1.03039, 0.185, 69809
207, 1.13666, 0.211, 70149
208, 1.1108, 0.2, 70488
209, 1.1034, 0.205, 70827
210, 1.08988, 0.205, 71166
211, 1.06713, 0.199, 71505
212, 1.05633, 0.198, 71844
213, 1.03347, 0.19, 72183
214, 1.0298, 0.193, 72522
215, 1.0335, 0.188, 72861
216, 1.02621, 0.186, 73200
217, 1.01066, 0.179, 73540
218, 1.00847, 0.178, 73878
219, 0.999837, 0.175, 74217
220, 0.991029, 0.171, 74556
221, 0.990834, 0.177, 74896
222, 1.22783, 0.219, 75234
223, 1.17189, 0.222, 75574
224, 1.1704, 0.215, 75913
225, 1.1507, 0.212, 76252
226, 1.14549, 0.211, 76591
227, 1.12045, 0.203, 76930
228, 1.14091, 0.208, 77269
229, 1.12602, 0.203, 77608
230, 1.13771, 0.199, 77947
231, 1.10269, 0.191, 78286
232, 1.09444, 0.184, 78626
233, 1.09108, 0.189, 78964
234, 1.08274, 0.186, 79304
235, 1.07148, 0.185, 79643
236, 1.04866, 0.187, 79982
237, 1.02508, 0.183, 80321
238, 1.02369, 0.183, 80660
239, 1.0896, 0.196, 80999
240, 1.08198, 0.198, 81338
241, 1.06371, 0.189, 81677
242, 1.07456, 0.198, 82016
243, 1.09878, 0.206, 82355
244, 1.1055, 0.205, 82694
245, 1.10008, 0.198, 83033
246, 1.07214, 0.185, 83372
247, 1.03767, 0.179, 83711
248, 1.016, 0.174, 84050
249, 0.998524, 0.174, 84389
250, 0.991055, 0.174, 84728
251, 0.99509, 0.172, 85067
252, 0.979617, 0.172, 85407
253, 0.964709, 0.166, 85746
254, 0.967052, 0.168, 86085
255, 0.980913, 0.164, 86424
256, 1.01119, 0.172, 86763
257, 1.00453, 0.173, 87102
258, 1.01288, 0.174, 87441
259, 1.00189, 0.175, 87780
260, 0.991529, 0.17, 88119
261, 0.983543, 0.172, 88458
262, 0.981403, 0.168, 88797
263, 0.97002, 0.165, 89136
264, 0.971185, 0.162, 89475
265, 0.966245, 0.164, 89814
266, 0.957151, 0.156, 90153
267, 0.940872, 0.155, 90492
268, 0.923165, 0.155, 90831
269, 0.917945, 0.157, 91170
270, 1.08915, 0.197, 91509
271, 1.06679, 0.203, 91848
272, 1.05861, 0.201, 92187
273, 1.05098, 0.193, 92526
274, 1.04237, 0.196, 92866
275, 1.03255, 0.202, 93205
276, 1.03321, 0.203, 93544
277, 1.02294, 0.203, 93884
278, 1.01845, 0.199, 94224
279, 1.01936, 0.199, 94563
280, 1.01448, 0.197, 94903
281, 1.00601, 0.196, 95242
282, 1.09613, 0.203, 95581
283, 1.04843, 0.205, 95920
284, 1.03378, 0.206, 96259
285, 1.02907, 0.203, 96598
286, 1.01927, 0.203, 96937
287, 1.00874, 0.202, 97276
288, 1.00534, 0.202, 97615
289, 1.00878, 0.199, 97955
290, 1.00765, 0.199, 98294
291, 1.00567, 0.196, 98633
292, 1.00751, 0.196, 98972
293, 0.994133, 0.196, 99311
294, 0.984942, 0.188, 99651
295, 0.984652, 0.189, 99990
296, 0.988659, 0.194, 100329
297, 0.992748, 0.19, 100668
298, 0.993019, 0.197, 101008
299, 0.993664, 0.197, 101347
300, 0.98467, 0.195, 101687
301, 0.980907, 0.198, 102026
302, 0.974742, 0.197, 102365
303, 0.973581, 0.194, 102705
304, 0.965744, 0.19, 103043
305, 1.02583, 0.182, 103383
306, 1.01706, 0.182, 103722
307, 1.01057, 0.184, 104061
308, 1.00676, 0.193, 104399
309, 1.01513, 0.187, 104739
310, 1.01312, 0.187, 105079
311, 1.01025, 0.19, 105418
312, 0.999843, 0.188, 105758
313, 0.982662, 0.184, 106097
314, 0.976697, 0.18, 106436
315, 0.981664, 0.18, 106775
316, 0.971397, 0.182, 107114
317, 0.953756, 0.179, 107454
318, 0.957999, 0.178, 107793
319, 0.941021, 0.173, 108132
320, 0.939529, 0.171, 108471
321, 0.939296, 0.166, 108811
322, 0.941242, 0.165, 109150
323, 0.93664, 0.163, 109489
324, 0.926395, 0.162, 109828
325, 0.94003, 0.164, 110168
326, 0.927174, 0.161, 110508
327, 0.940121, 0.162, 110849
328, 0.922338, 0.159, 111188
329, 0.930755, 0.161, 111528
330, 0.932671, 0.161, 111867
331, 0.917306, 0.16, 112207
332, 0.924226, 0.159, 112546
333, 0.945346, 0.173, 112885
334, 0.93325, 0.174, 113225
335, 0.917827, 0.168, 113564
336, 0.913019, 0.167, 113903
337, 0.931662, 0.178, 114243
338, 0.936773, 0.177, 114583
339, 0.921461, 0.173, 114923
340, 0.9172, 0.166, 115262
341, 0.916779, 0.168, 115601
342, 0.918207, 0.164, 115940
343, 0.915541, 0.167, 116279
344, 0.914016, 0.164, 116618
345, 0.908979, 0.157, 116958
346, 0.914446, 0.159, 117297
347, 0.909632, 0.158, 117636
348, 0.920909, 0.158, 117975
349, 0.922846, 0.155, 118314
350, 0.92251, 0.155, 118654
351, 0.918958, 0.154, 118994
352, 0.915757, 0.152, 119333
353, 0.914486, 0.154, 119672
354, 0.931739, 0.154, 120012
355, 0.942883, 0.15, 120351
356, 0.945058, 0.152, 120691
357, 0.940631, 0.154, 121031
358, 0.94515, 0.152, 121370
359, 0.948957, 0.151, 121709
360, 0.945887, 0.152, 122048
361, 0.935469, 0.152, 122387
362, 0.93883, 0.155, 122727
363, 0.926767, 0.152, 123066
364, 0.923632, 0.15, 123405
365, 0.920129, 0.146, 123744
366, 0.964017, 0.157, 124084
367, 0.956275, 0.155, 124423
368, 0.95422, 0.155, 124762
369, 0.932609, 0.153, 125101
370, 0.920939, 0.149, 125440
371, 0.924143, 0.15, 125779
372, 0.937879, 0.159, 126118
373, 0.934438, 0.157, 126458
374, 1.09832, 0.193, 126797
375, 1.09958, 0.212, 127137
376, 1.08183, 0.211, 127477
377, 1.06355, 0.2, 127816
378, 1.17367, 0.215, 128155
379, 1.2339, 0.239, 128495
380, 1.20769, 0.232, 128834
381, 1.19213, 0.229, 129173
382, 1.18246, 0.231, 129513
383, 1.16919, 0.228, 129852
384, 1.16665, 0.225, 130191
385, 1.16656, 0.228, 130530
386, 1.14565, 0.224, 130869
387, 1.13226, 0.218, 131208
388, 1.16871, 0.228, 131548
389, 1.1681, 0.226, 131887
390, 1.15992, 0.224, 132226
391, 1.14559, 0.222, 132565
392, 1.12841, 0.223, 132904
393, 1.12113, 0.216, 133243
394, 1.12652, 0.215, 133582
395, 1.11867, 0.211, 133921
396, 1.12901, 0.223, 134260
397, 1.11681, 0.217, 134599
398, 1.20334, 0.233, 134938
399, 1.15628, 0.216, 135277
400, 1.11921, 0.214, 135616
401, 1.09903, 0.207, 135955
402, 1.08852, 0.207, 136295
403, 1.07721, 0.208, 136634
404, 1.06755, 0.209, 136973
405, 1.05783, 0.205, 137312
406, 1.06633, 0.209, 137651
407, 1.05763, 0.2, 137990
408, 1.08823, 0.2, 138329
409, 1.09986, 0.201, 138668
410, 1.10086, 0.203, 139007
411, 1.11967, 0.209, 139346
412, 1.13279, 0.207, 139685
413, 1.11472, 0.212, 140024
414, 1.10292, 0.214, 140363
415, 1.11615, 0.216, 140702
416, 1.10524, 0.217, 141042
417, 1.11438, 0.216, 141381
418, 1.09912, 0.214, 141720
419, 1.08692, 0.209, 142059
420, 1.0752, 0.209, 142398
421, 1.06667, 0.21, 142737
422, 1.05762, 0.215, 143076
423, 1.04331, 0.205, 143415
424, 1.04518, 0.206, 143754
425, 1.03943, 0.207, 144093
426, 1.03952, 0.207, 144432
427, 1.03576, 0.204, 144771
428, 1.03381, 0.207, 145110
429, 1.09997, 0.214, 145450
430, 1.08509, 0.208, 145789
431, 1.06269, 0.204, 146128
432, 1.0546, 0.202, 146467
433, 1.04097, 0.199, 146806
434, 1.0327, 0.197, 147145
435, 1.02702, 0.194, 147484
436, 1.02577, 0.197, 147823
437, 1.0131, 0.19, 148162
438, 1.00953, 0.189, 148501
439, 0.999016, 0.185, 148840
440, 0.990189, 0.184, 149179
441, 0.977437, 0.179, 149519
442, 0.975236, 0.178, 149858
443, 0.978747, 0.18, 150197
444, 0.977086, 0.182, 150536
445, 0.973176, 0.183, 150875
446, 0.97966, 0.185, 151214
447, 1.05897, 0.2, 151553
448, 1.04353, 0.192, 151892
449, 1.0274, 0.195, 152231
450, 1.02475, 0.194, 152570
451, 1.02226, 0.194, 152909
452, 1.01403, 0.19, 153248
453, 1.01392, 0.191, 153587
454, 1.00357, 0.19, 153926
455, 1.01034, 0.191, 154265
456, 1.00736, 0.193, 154604
457, 1.00085, 0.192, 154944
458, 0.989113, 0.189, 155283
459, 0.984964, 0.191, 155622
460, 0.980731, 0.191, 155961
461, 0.978855, 0.192, 156300
462, 0.99646, 0.189, 156639
463, 0.99884, 0.195, 156978
464, 0.984256, 0.192, 157317
465, 0.976877, 0.189, 157656
466, 0.966457, 0.185, 157995
467, 0.95729, 0.183, 158334
468, 0.961269, 0.184, 158674
469, 0.960009, 0.184, 159013
470, 0.960844, 0.187, 159352
471, 0.963669, 0.191, 159691
472, 0.961639, 0.189, 160030
473, 0.998047, 0.195, 160369
474, 1.08365, 0.211, 160708
475, 1.06655, 0.205, 161047
476, 1.05868, 0.202, 161386
477, 1.06265, 0.202, 161725
478, 1.04686, 0.206, 162064
479, 1.03751, 0.204, 162403
480, 1.03793, 0.204, 162742
481, 1.03833, 0.205, 163081
482, 1.02982, 0.204, 163421
483, 1.02047, 0.204, 163760
484, 1.01901, 0.204, 164099
485, 1.01435, 0.206, 164438
486, 1.0174, 0.204, 164777
487, 1.00908, 0.2, 165117
488, 1.01389, 0.207, 165457
489, 1.01515, 0.21, 165796
490, 0.992603, 0.201, 166135
491, 1.00589, 0.204, 166474
492, 0.995749, 0.2, 166813
493, 0.991365, 0.196, 167153
494, 0.989049, 0.198, 167492
495, 0.99304, 0.199, 167831
496, 0.978598, 0.196, 168170
497, 0.974537, 0.193, 168509
498, 0.965953, 0.195, 168848
499, 0.963751, 0.196, 169187
500, 0.965227, 0.196, 169527
501, 0.962429, 0.195, 169866
502, 0.963498, 0.193, 170205
503, 0.989618, 0.207, 170544
504, 0.984919, 0.204, 170884
505, 0.985981, 0.207, 171223
506, 0.984488, 0.204, 171562
507, 0.991434, 0.205, 171901
508, 0.979333, 0.199, 172241
509, 0.983717, 0.196, 172579
510, 0.977871, 0.203, 172918
511, 0.974355, 0.2, 173257
512, 0.970901, 0.199, 173597
513, 0.97725, 0.2, 173936
514, 1.06498, 0.206, 174275
515, 1.04538, 0.206, 174614
516, 1.02296, 0.201, 174953
517, 0.991807, 0.195, 175292
518, 0.989437, 0.198, 175631
519, 0.976592, 0.194, 175971
520, 0.973331, 0.193, 176310
521, 0.964195, 0.191, 176649
522, 0.959239, 0.188, 176988
523, 0.952052, 0.187, 177327
524, 0.948727, 0.192, 177666
525, 0.957047, 0.19, 178005
526, 0.947187, 0.188, 178344
527, 0.943993, 0.19, 178683
528, 0.942056, 0.191, 179023
529, 0.938445, 0.192, 179363
530, 0.934611, 0.195, 179702
531, 0.917746, 0.188, 180042
532, 0.910657, 0.185, 180382
533, 0.902205, 0.183, 180721
534, 0.89845, 0.185, 181060
535, 0.941095, 0.195, 181399
536, 0.927219, 0.189, 181738
537, 0.93926, 0.191, 182077
538, 0.922688, 0.191, 182416
539, 0.911425, 0.188, 182755
540, 0.908654, 0.185, 183095
541, 0.900821, 0.185, 183434
542, 0.892422, 0.183, 183773
543, 0.893461, 0.181, 184112
544, 0.88754, 0.178, 184451
545, 0.883823, 0.175, 184790
546, 0.882385, 0.173, 185129
547, 0.868952, 0.175, 185469
548, 0.868136, 0.176, 185808
549, 0.875845, 0.174, 186147
550, 0.883935, 0.178, 186486
551, 0.879593, 0.18, 186825
552, 0.87232, 0.181, 187164
553, 0.87294, 0.175, 187503
554, 0.869384, 0.176, 187842
555, 0.875987, 0.174, 188181
556, 0.873119, 0.174, 188520
557, 0.865544, 0.17, 188859
558, 0.862591, 0.171, 189199
559, 0.852794, 0.165, 189538
560, 0.849821, 0.164, 189877
561, 0.846044, 0.165, 190216
562, 0.84749, 0.163, 190555
563, 0.850201, 0.162, 190894
564, 0.853169, 0.162, 191233
565, 0.851613, 0.164, 191572
566, 0.853428, 0.165, 191911
567, 0.853856, 0.163, 192250
568, 0.849856, 0.164, 192589
569, 0.853436, 0.164, 192930
570, 0.84445, 0.162, 193269
571, 0.839489, 0.162, 193609
572, 0.840816, 0.161, 193949
573, 0.855482, 0.164, 194288
574, 0.859188, 0.168, 194627
575, 0.857478, 0.171, 194966
576, 0.848489, 0.168, 195305
577, 0.849511, 0.167, 195644
578, 0.846296, 0.165, 195983
579, 0.88304, 0.168, 196323
580, 0.901899, 0.167, 196662
581, 0.883696, 0.168, 197001
582, 0.873725, 0.169, 197340
583, 0.86374, 0.169, 197680
584, 0.849324, 0.161, 198019
585, 0.840178, 0.16, 198358
586, 0.829013, 0.162, 198697
587, 0.833989, 0.16, 199036
588, 0.833338, 0.158, 199375
589, 0.828992, 0.156, 199714
590, 0.833671, 0.155, 200053
591, 0.828097, 0.153, 200392
592, 0.825432, 0.155, 200731
593, 0.825778, 0.154, 201070
594, 0.832124, 0.153, 201409
595, 0.829109, 0.155, 201748
596, 0.82745, 0.154, 202087
597, 0.826414, 0.152, 202426
598, 0.826762, 0.156, 202765
599, 0.947946, 0.182, 203105
600, 0.960388, 0.185, 203444
601, 0.960479, 0.184, 203783
602, 0.945603, 0.176, 204122
603, 0.939445, 0.172, 204461
604, 0.917236, 0.17, 204800
605, 0.908011, 0.168, 205139
606, 0.901798, 0.166, 205478
607, 0.890403, 0.161, 205817
608, 0.883309, 0.163, 206156
609, 0.871424, 0.16, 206495
610, 0.875161, 0.159, 206834
611, 0.867528, 0.158, 207173
612, 0.865411, 0.157, 207512
613, 0.860676, 0.156, 207851
614, 0.859878, 0.158, 208190
615, 0.853462, 0.156, 208529
616, 0.845695, 0.156, 208868
617, 0.840704, 0.152, 209207
618, 0.840633, 0.153, 209547
619, 0.843315, 0.153, 209886
620, 0.842565, 0.151, 210225
621, 0.844665, 0.149, 210564
622, 0.843311, 0.154, 210903
623, 0.846215, 0.154, 211242
624, 0.846242, 0.151, 211581
625, 0.846554, 0.152, 211920
626, 0.845564, 0.15, 212259
627, 0.838291, 0.15, 212598
628, 0.845964, 0.152, 212937
629, 0.871577, 0.153, 213276
630, 0.879788, 0.142, 213615
631, 0.867589, 0.137, 213954
632, 0.872116, 0.142, 214294
633, 0.865223, 0.142, 214633
634, 0.860596, 0.141, 214972
635, 0.850835, 0.142, 215311
636, 0.845266, 0.14, 215650
637, 0.839045, 0.136, 215989
638, 0.840204, 0.137, 216328
639, 0.835921, 0.135, 216667
640, 0.827873, 0.137, 217006
641, 0.833073, 0.137, 217345
642, 0.822979, 0.134, 217684
643, 0.824455, 0.132, 218023
644, 0.818688, 0.133, 218362
645, 0.823298, 0.136, 218702
646, 0.816817, 0.133, 219041
647, 0.816844, 0.133, 219380
648, 0.841572, 0.132, 219719
649, 0.808894, 0.119, 220058
650, 0.796213, 0.116, 220397
651, 0.785038, 0.116, 220736
652, 0.770864, 0.114, 221075
653, 0.760412, 0.114, 221414
654, 0.76264, 0.115, 221753
655, 0.766498, 0.115, 222092
656, 0.768232, 0.116, 222432
657, 0.771165, 0.118, 222771
658, 0.768314, 0.12, 223110
659, 0.761752, 0.118, 223449
660, 0.758856, 0.116, 223788
661, 0.762397, 0.116, 224127
662, 0.759448, 0.115, 224465
663, 0.755162, 0.117, 224804
664, 0.764701, 0.119, 225143
665, 0.76093, 0.118, 225482
666, 0.759785, 0.117, 225821
667, 0.754051, 0.117, 226160
668, 0.749829, 0.116, 226499
669, 0.749555, 0.116, 226838
670, 0.759288, 0.118, 227177
671, 0.755706, 0.117, 227516
672, 0.766025, 0.116, 227855
673, 0.764994, 0.121, 228194
674, 0.758657, 0.119, 228533
675, 0.750567, 0.117, 228873
676, 0.749246, 0.117, 229211
677, 0.746965, 0.113, 229550
678, 0.741195, 0.112, 229889
679, 0.744586, 0.114, 230228
680, 0.744235, 0.115, 230567
681, 0.743375, 0.114, 230909
682, 0.733178, 0.113, 231248
683, 0.727529, 0.111, 231587
684, 0.72606, 0.115, 231926
685, 0.724168, 0.114, 232266
686, 0.71735, 0.112, 232605
687, 0.714236, 0.111, 232944
688, 0.72116, 0.112, 233283
689, 0.705034, 0.108, 233622
690, 0.709927, 0.109, 233961
691, 0.704492, 0.109, 234301
692, 0.707577, 0.113, 234641
693, 0.702897, 0.111, 234980
694, 0.712013, 0.116, 235319
695, 0.708509, 0.114, 235658
696, 0.699394, 0.112, 235998
697, 0.713278, 0.113, 236337
698, 0.716134, 0.114, 236676
699, 0.710186, 0.114, 237015
700, 0.719447, 0.118, 237355
701, 0.712195, 0.116, 237694
702, 0.7208, 0.117, 238033
703, 0.713201, 0.115, 238372
704, 0.709261, 0.113, 238711
705, 0.70874, 0.112, 239050
706, 0.712284, 0.114, 239390
707, 0.731979, 0.122, 239729
708, 0.731659, 0.123, 240068
709, 0.736192, 0.122, 240408
710, 0.729425, 0.121, 240748
711, 0.726976, 0.119, 241088
712, 0.722587, 0.12, 241428
713, 0.71621, 0.118, 241767
714, 0.719316, 0.118, 242106
715, 0.721997, 0.118, 242445
716, 0.719189, 0.118, 242784
717, 0.722108, 0.12, 243123
718, 0.71706, 0.119, 243463
719, 0.720482, 0.118, 243802
720, 0.710654, 0.114, 244142
721, 0.712716, 0.116, 244481
722, 0.712095, 0.117, 244820
723, 0.707868, 0.113, 245160
724, 0.711794, 0.116, 245499
725, 0.689295, 0.112, 245839
726, 0.721175, 0.119, 246179
727, 0.710836, 0.123, 246519
728, 0.711052, 0.123, 246858
729, 0.710537, 0.126, 247197
730, 0.708775, 0.127, 247537
731, 0.709812, 0.127, 247876
732, 0.716017, 0.128, 248215
733, 0.711468, 0.127, 248554
734, 0.709825, 0.13, 248893
735, 0.701631, 0.127, 249232
736, 0.701237, 0.127, 249572
737, 0.696487, 0.124, 249911
738, 0.709958, 0.127, 250250
739, 0.701385, 0.126, 250589
740, 0.748648, 0.127, 250928
741, 0.728772, 0.123, 251268
742, 0.731005, 0.122, 251607
743, 0.722832, 0.123, 251946
744, 0.762672, 0.124, 252285
745, 0.761507, 0.125, 252624
746, 0.729106, 0.12, 252963
747, 0.724848, 0.119, 253302
748, 0.706184, 0.113, 253642
749, 0.699366, 0.113, 253981
750, 0.709026, 0.115, 254320
751, 0.702682, 0.118, 254659
752, 0.699938, 0.119, 254998
753, 0.711006, 0.118, 255338
754, 0.719483, 0.12, 255677
755, 0.72416, 0.122, 256016
756, 0.723531, 0.123, 256355
757, 0.713405, 0.124, 256694
758, 0.714493, 0.123, 257033
759, 0.714798, 0.122, 257373
760, 0.705282, 0.119, 257712
761, 0.708231, 0.118, 258051
762, 0.705231, 0.119, 258390
763, 0.725084, 0.121, 258729
764, 0.722911, 0.118, 259068
765, 0.730772, 0.119, 259407
766, 0.726629, 0.116, 259747
767, 0.729687, 0.117, 260086
768, 0.72563, 0.117, 260425
769, 0.727142, 0.117, 260764
770, 0.728598, 0.116, 261103
771, 0.731471, 0.116, 261443
772, 0.725587, 0.117, 261782
773, 0.72421, 0.115, 262121
774, 0.724871, 0.112, 262460
775, 0.711119, 0.113, 262799
776, 0.710541, 0.116, 263138
777, 0.695249, 0.116, 263477
778, 0.68999, 0.115, 263817
779, 0.688799, 0.113, 264156
780, 0.687802, 0.112, 264495
781, 0.696365, 0.113, 264834
782, 0.706475, 0.115, 265173
783, 0.724569, 0.116, 265512
784, 0.706537, 0.114, 265851
785, 0.700178, 0.111, 266191
786, 0.704194, 0.111, 266530
787, 0.690047, 0.111, 266869
788, 0.691811, 0.112, 267208
789, 0.685599, 0.109, 267547
790, 0.687147, 0.106, 267886
791, 0.678053, 0.104, 268225
792, 0.678055, 0.104, 268564
793, 0.669011, 0.104, 268903
794, 0.6751, 0.101, 269243
795, 0.66758, 0.101, 269582
796, 0.657542, 0.102, 269921
797, 0.653245, 0.103, 270260
798, 0.656609, 0.1, 270599
799, 0.652814, 0.099, 270939
800, 0.651959, 0.098, 271277
801, 0.641981, 0.097, 271617
802, 0.66396, 0.102, 271956
803, 0.655636, 0.103, 272295
804, 0.644372, 0.097, 272634
805, 0.653046, 0.097, 272973
806, 0.6452, 0.094, 273312
807, 0.637604, 0.093, 273651
808, 0.645931, 0.095, 273989
809, 0.645493, 0.095, 274329
810, 0.641306, 0.091, 274668
811, 0.671671, 0.099, 275007
812, 0.676098, 0.094, 275346
813, 0.664903, 0.095, 275685
814, 0.666661, 0.097, 276024
815, 0.657513, 0.097, 276363
816, 0.659207, 0.096, 276702
817, 0.653764, 0.097, 277041
818, 0.662474, 0.101, 277380
819, 0.658414, 0.099, 277720
820, 0.650996, 0.097, 278059
821, 0.662579, 0.1, 278399
822, 0.659478, 0.099, 278738
823, 0.648003, 0.097, 279077
824, 0.663296, 0.102, 279416
825, 0.656926, 0.1, 279755
826, 0.656018, 0.101, 280094
827, 0.668981, 0.104, 280433
828, 0.665895, 0.105, 280772
829, 0.661726, 0.104, 281111
830, 0.661931, 0.101, 281450
831, 0.658981, 0.1, 281789
832, 0.650992, 0.099, 282128
833, 0.644092, 0.1, 282467
834, 0.649745, 0.103, 282806
835, 0.646215, 0.099, 283145
836, 0.641841, 0.099, 283485
837, 0.635895, 0.1, 283824
838, 0.63348, 0.099, 284163
839, 0.631146, 0.099, 284503
840, 0.654663, 0.099, 284842
841, 0.639898, 0.097, 285181
842, 0.636563, 0.095, 285520
843, 0.652437, 0.096, 285859
844, 0.638499, 0.093, 286198
845, 0.642759, 0.096, 286537
846, 0.687225, 0.103, 286876
847, 0.753926, 0.119, 287216
848, 0.735903, 0.117, 287555
849, 0.727231, 0.116, 287894
850, 0.730118, 0.112, 288233
851, 0.705707, 0.112, 288573
852, 0.716095, 0.113, 288912
853, 0.69832, 0.111, 289251
854, 0.714095, 0.11, 289590
855, 0.689667, 0.109, 289929
856, 0.707272, 0.115, 290269
857, 0.707795, 0.112, 290608
858, 0.695244, 0.109, 290948
859, 0.692432, 0.109, 291288
860, 0.702992, 0.109, 291627
861, 0.690972, 0.107, 291966
862, 0.692255, 0.106, 292305
863, 0.701655, 0.11, 292644
864, 0.684681, 0.104, 292984
865, 0.703561, 0.106, 293323
866, 0.69203, 0.107, 293663
867, 0.71631, 0.109, 294002
868, 0.710881, 0.108, 294341
869, 0.702951, 0.106, 294681
870, 0.699078, 0.108, 295020
871, 0.695765, 0.109, 295359
872, 0.741453, 0.116, 295698
873, 0.782604, 0.129, 296037
874, 0.784977, 0.128, 296376
875, 0.777978, 0.127, 296715
876, 0.777949, 0.125, 297054
877, 0.775003, 0.128, 297393
878, 0.771773, 0.128, 297732
879, 0.768915, 0.128, 298071
880, 0.759817, 0.123, 298410
881, 0.760602, 0.125, 298749
882, 0.756363, 0.125, 299088
883, 0.765034, 0.121, 299427
884, 0.762048, 0.123, 299766
885, 0.757363, 0.123, 300105
886, 0.752888, 0.122, 300444
887, 0.743863, 0.121, 300783
888, 0.747909, 0.121, 301122
889, 0.743311, 0.119, 301461
890, 0.740911, 0.118, 301800
891, 0.741769, 0.118, 302139
892, 0.7379, 0.117, 302478
893, 0.730816, 0.116, 302817
894, 0.733882, 0.117, 303157
895, 0.739551, 0.12, 303496
896, 0.7426, 0.119, 303835
897, 0.735948, 0.116, 304174
898, 0.739571, 0.119, 304513
899, 0.819447, 0.137, 304852
900, 0.817528, 0.144, 305191
901, 0.816318, 0.147, 305530
902, 0.809904, 0.145, 305869
903, 0.804901, 0.144, 306208
904, 0.804698, 0.144, 306547
905, 0.798138, 0.141, 306887
906, 0.790563, 0.14, 307227
907, 0.785549, 0.139, 307566
908, 0.794356, 0.137, 307905
909, 0.775938, 0.134, 308244
910, 0.774745, 0.136, 308583
911, 0.769688, 0.136, 308922
912, 0.765732, 0.133, 309261
913, 0.763158, 0.131, 309600
914, 0.751588, 0.127, 309938
915, 0.756114, 0.129, 310278
916, 0.755684, 0.129, 310617
917, 0.753694, 0.129, 310955
918, 0.744049, 0.128, 311294
919, 0.741146, 0.127, 311633
920, 0.739533, 0.128, 311972
921, 0.741428, 0.13, 312311
922, 0.735999, 0.13, 312650
923, 0.73629, 0.128, 312989
924, 0.735282, 0.127, 313328
925, 0.737591, 0.126, 313667
926, 0.740191, 0.121, 314006
927, 0.725339, 0.121, 314345
928, 0.721611, 0.122, 314684
929, 0.723836, 0.12, 315023
930, 0.726501, 0.119, 315362
931, 0.719733, 0.118, 315701
932, 0.71716, 0.119, 316042
933, 0.71643, 0.118, 316383
934, 0.713783, 0.115, 316722
935, 0.704315, 0.111, 317061
936, 0.69838, 0.109, 317400
937, 0.703884, 0.112, 317740
938, 0.709625, 0.114, 318078
939, 0.708667, 0.115, 318417
940, 0.704442, 0.115, 318756
941, 0.707819, 0.121, 319095
942, 0.703272, 0.123, 319434
943, 0.721838, 0.126, 319774
944, 0.704243, 0.124, 320112
945, 0.727512, 0.13, 320451
946, 0.733383, 0.131, 320790
947, 0.709489, 0.126, 321129
948, 0.706924, 0.124, 321468
949, 0.700766, 0.124, 321807
950, 0.703533, 0.126, 322146
951, 0.695146, 0.126, 322485
952, 0.705725, 0.131, 322824
953, 0.700084, 0.132, 323163
954, 0.709287, 0.128, 323503
955, 0.708502, 0.13, 323842
956, 0.722716, 0.135, 324181
957, 0.715122, 0.135, 324520
958, 0.719316, 0.137, 324859
959, 0.723178, 0.138, 325198
960, 0.728073, 0.141, 325538
961, 0.720081, 0.136, 325877
962, 0.714862, 0.137, 326216
963, 0.714392, 0.136, 326555
964, 0.709197, 0.137, 326894
965, 0.706779, 0.138, 327233
966, 0.698043, 0.137, 327572
967, 0.694267, 0.135, 327911
968, 0.706094, 0.136, 328251
969, 0.701056, 0.136, 328590
970, 0.697332, 0.133, 328929
971, 0.702053, 0.132, 329269
972, 0.702168, 0.133, 329608
973, 0.701389, 0.133, 329947
974, 0.697213, 0.133, 330286
975, 0.698438, 0.13, 330625
976, 0.699681, 0.133, 330964
977, 0.703583, 0.134, 331303
978, 0.704888, 0.134, 331642
979, 0.714055, 0.133, 331981
980, 0.706997, 0.132, 332320
981, 0.70421, 0.132, 332659
982, 0.696848, 0.131, 332998
983, 0.692576, 0.128, 333337
984, 0.704588, 0.13, 333677
985, 0.691183, 0.128, 334016
986, 0.680879, 0.127, 334355
987, 0.695813, 0.127, 334694
988, 0.683384, 0.128, 335033
989, 0.683316, 0.127, 335372
990, 0.678537, 0.124, 335712
991, 0.68155, 0.122, 336051
992, 0.68521, 0.122, 336390
993, 0.686494, 0.124, 336729
994, 0.694053, 0.123, 337068
995, 0.691729, 0.124, 337407
996, 0.692901, 0.127, 337746
997, 0.693156, 0.127, 338085
998, 0.687435, 0.124, 338424
999, 0.680109, 0.123, 338763
1000, 0.692701, 0.126, 339102
