epoch, cross_entropy, error, time
1, 23.2071, 0.895, 612
2, 3.92532, 0.518, 1289
3, 2.67067, 0.393, 1965
4, 2.88927, 0.401, 2641
5, 2.31926, 0.339, 3317
6, 2.12505, 0.327, 3994
7, 2.23768, 0.333, 4670
8, 2.17917, 0.328, 5346
9, 1.91531, 0.305, 6022
10, 2.37072, 0.345, 6698
11, 2.14705, 0.31, 7374
12, 2.14994, 0.318, 8050
13, 1.97997, 0.305, 8727
14, 1.91867, 0.293, 9403
15, 1.77469, 0.265, 10079
16, 1.70031, 0.262, 10755
17, 1.62765, 0.243, 11431
18, 1.54267, 0.255, 12107
19, 1.67868, 0.261, 12783
20, 1.81348, 0.316, 13459
21, 1.63381, 0.291, 14136
22, 1.99124, 0.323, 14812
23, 1.87993, 0.317, 15488
24, 1.71436, 0.303, 16164
25, 1.70349, 0.302, 16840
26, 1.5428, 0.264, 17517
27, 1.50242, 0.253, 18193
28, 1.46654, 0.255, 18869
29, 1.41808, 0.251, 19545
30, 1.40273, 0.252, 20221
31, 1.35463, 0.262, 20897
32, 1.35144, 0.262, 21573
33, 1.36033, 0.25, 22250
34, 1.31224, 0.244, 22925
35, 1.3824, 0.263, 23600
36, 1.60428, 0.28, 24275
37, 1.54699, 0.291, 24950
38, 1.524, 0.289, 25624
39, 1.492, 0.269, 26299
40, 1.50924, 0.28, 26975
41, 1.49856, 0.281, 27649
42, 1.51245, 0.283, 28324
43, 1.47801, 0.266, 28999
44, 1.42475, 0.254, 29674
45, 1.40796, 0.254, 30349
46, 1.41721, 0.271, 31024
47, 1.39603, 0.266, 31698
48, 1.3798, 0.257, 32373
49, 1.3425, 0.25, 33048
50, 1.34852, 0.246, 33723
51, 1.40658, 0.26, 34398
52, 1.37707, 0.254, 35073
53, 1.34045, 0.248, 35747
54, 1.30755, 0.251, 36422
55, 1.29904, 0.249, 37097
56, 1.38031, 0.257, 37772
57, 1.37641, 0.258, 38447
58, 1.31906, 0.244, 39122
59, 1.30007, 0.239, 39797
60, 1.28648, 0.235, 40471
61, 1.3518, 0.241, 41146
62, 1.35253, 0.241, 41821
63, 1.48722, 0.251, 42496
64, 1.63574, 0.269, 43170
65, 1.54003, 0.263, 43845
66, 1.60138, 0.285, 44520
67, 1.55673, 0.291, 45195
68, 1.46548, 0.28, 45870
69, 1.38897, 0.261, 46545
70, 1.33857, 0.254, 47220
71, 1.33967, 0.248, 47894
72, 1.31544, 0.249, 48569
73, 1.26039, 0.252, 49244
74, 1.24635, 0.246, 49919
75, 1.2676, 0.229, 50594
76, 1.26773, 0.226, 51269
77, 1.23064, 0.222, 51943
78, 1.22278, 0.227, 52618
79, 1.23689, 0.226, 53293
80, 1.2227, 0.226, 53968
81, 1.23576, 0.217, 54643
82, 1.22764, 0.227, 55318
83, 1.22676, 0.22, 55993
84, 1.22948, 0.221, 56668
85, 1.27246, 0.226, 57343
86, 1.2004, 0.212, 58018
87, 1.2171, 0.213, 58693
88, 1.17562, 0.209, 59367
89, 1.16124, 0.207, 60042
90, 1.19352, 0.21, 60718
91, 1.16548, 0.203, 61393
92, 1.13444, 0.201, 62068
93, 1.15638, 0.204, 62743
94, 1.15284, 0.202, 63418
95, 1.16093, 0.206, 64093
96, 1.1172, 0.193, 64768
97, 1.11495, 0.2, 65443
98, 1.10146, 0.193, 66117
99, 1.09287, 0.192, 66793
100, 1.09842, 0.2, 67467
101, 1.16158, 0.211, 68142
102, 1.18383, 0.218, 68817
103, 1.15746, 0.218, 69492
104, 1.18274, 0.219, 70167
105, 1.16863, 0.215, 70842
106, 1.13745, 0.212, 71517
107, 1.13451, 0.209, 72192
108, 1.11085, 0.208, 72867
109, 1.11633, 0.2, 73542
110, 1.14853, 0.2, 74217
111, 1.14466, 0.202, 74892
112, 1.13065, 0.203, 75567
113, 1.12131, 0.2, 76242
114, 1.13753, 0.201, 76916
115, 1.18134, 0.209, 77591
116, 1.18132, 0.205, 78266
117, 1.16672, 0.205, 78941
118, 1.16605, 0.201, 79616
119, 1.15985, 0.206, 80291
120, 1.19845, 0.206, 80966
121, 1.20195, 0.207, 81641
122, 1.18796, 0.208, 82316
123, 1.20584, 0.205, 82990
124, 1.23432, 0.215, 83666
125, 1.25211, 0.224, 84341
126, 1.21056, 0.217, 85015
127, 1.21982, 0.207, 85690
128, 1.22527, 0.205, 86365
129, 1.21121, 0.208, 87041
130, 1.23042, 0.207, 87715
131, 1.20505, 0.207, 88390
132, 1.21828, 0.211, 89065
133, 1.23263, 0.205, 89740
134, 1.24076, 0.204, 90415
135, 1.27054, 0.213, 91090
136, 1.24163, 0.212, 91765
137, 1.23199, 0.21, 92440
138, 1.22069, 0.201, 93115
139, 1.23822, 0.213, 93790
140, 1.23841, 0.214, 94465
141, 1.22799, 0.214, 95140
142, 1.24387, 0.209, 95814
143, 1.23107, 0.205, 96489
144, 1.24702, 0.207, 97164
145, 1.25905, 0.209, 97839
146, 1.27025, 0.207, 98514
147, 1.26608, 0.21, 99189
148, 1.23662, 0.21, 99864
149, 1.24912, 0.213, 100539
150, 1.2601, 0.219, 101213
151, 1.25227, 0.209, 101888
152, 1.23582, 0.211, 102563
153, 1.22719, 0.211, 103238
154, 1.26775, 0.218, 103913
155, 1.26892, 0.209, 104588
156, 1.25309, 0.201, 105263
157, 1.27959, 0.204, 105938
158, 1.26632, 0.2, 106613
159, 1.26715, 0.203, 107287
160, 1.23712, 0.201, 107962
161, 1.20801, 0.202, 108637
162, 1.22469, 0.203, 109312
163, 1.20176, 0.2, 109987
164, 1.19401, 0.195, 110661
165, 1.20639, 0.203, 111336
166, 1.19647, 0.201, 112011
167, 1.1792, 0.199, 112686
168, 1.19011, 0.203, 113361
169, 1.18811, 0.195, 114036
170, 1.15524, 0.201, 114711
171, 1.13534, 0.196, 115386
172, 1.16436, 0.205, 116061
173, 1.12564, 0.2, 116736
174, 1.13125, 0.2, 117410
175, 1.11037, 0.201, 118085
176, 1.12448, 0.198, 118760
177, 1.11704, 0.193, 119435
178, 1.09785, 0.192, 120110
179, 1.13303, 0.189, 120786
180, 1.0907, 0.18, 121461
181, 1.05729, 0.175, 122136
182, 1.07276, 0.179, 122811
183, 1.12016, 0.187, 123485
184, 1.32146, 0.228, 124160
185, 1.33089, 0.229, 124835
186, 1.29897, 0.227, 125510
187, 1.29748, 0.226, 126185
188, 1.27359, 0.225, 126860
189, 1.26139, 0.219, 127534
190, 1.24545, 0.222, 128209
191, 1.24936, 0.215, 128884
192, 1.24422, 0.216, 129559
193, 1.28801, 0.216, 130234
194, 1.31519, 0.22, 130909
195, 1.35175, 0.219, 131583
196, 1.31143, 0.219, 132258
197, 1.32519, 0.221, 132933
198, 1.34509, 0.216, 133608
199, 1.36415, 0.222, 134283
200, 1.33024, 0.217, 134958
201, 1.33657, 0.226, 135633
202, 1.34207, 0.223, 136308
203, 1.33434, 0.228, 136982
204, 1.34123, 0.228, 137658
205, 1.34649, 0.231, 138332
206, 1.35793, 0.228, 139007
207, 1.33828, 0.222, 139682
208, 1.35649, 0.227, 140357
209, 1.38456, 0.231, 141032
210, 1.37583, 0.227, 141707
211, 1.39086, 0.218, 142382
212, 1.37106, 0.227, 143056
213, 1.38208, 0.232, 143731
214, 1.39703, 0.236, 144406
215, 1.37357, 0.234, 145081
216, 1.36547, 0.23, 145756
217, 1.34778, 0.233, 146431
218, 1.33958, 0.235, 147106
219, 1.33307, 0.228, 147781
220, 1.34781, 0.229, 148456
221, 1.34115, 0.225, 149131
222, 1.32427, 0.225, 149806
223, 1.3408, 0.227, 150481
224, 1.32271, 0.221, 151156
225, 1.3215, 0.223, 151831
226, 1.35314, 0.233, 152506
227, 1.36561, 0.23, 153181
228, 1.37783, 0.24, 153855
229, 1.36524, 0.238, 154531
230, 1.33855, 0.237, 155206
231, 1.33703, 0.223, 155880
232, 1.35462, 0.243, 156555
233, 1.32953, 0.23, 157230
234, 1.31347, 0.234, 157905
235, 1.30325, 0.23, 158580
236, 1.27884, 0.227, 159255
237, 1.29315, 0.223, 159930
238, 1.26355, 0.216, 160605
239, 1.26644, 0.222, 161280
240, 1.26418, 0.215, 161955
241, 1.29121, 0.218, 162630
242, 1.28415, 0.222, 163305
243, 1.28383, 0.214, 163979
244, 1.28679, 0.217, 164654
245, 1.29614, 0.223, 165330
246, 1.30013, 0.229, 166004
247, 1.2894, 0.223, 166679
248, 1.29738, 0.218, 167354
249, 1.30331, 0.219, 168029
250, 1.32477, 0.231, 168704
251, 1.31732, 0.219, 169379
252, 1.34137, 0.228, 170054
253, 1.32969, 0.212, 170728
254, 1.35924, 0.223, 171404
255, 1.40358, 0.226, 172078
256, 1.40863, 0.222, 172753
257, 1.35216, 0.216, 173428
258, 1.3434, 0.213, 174103
259, 1.34749, 0.215, 174778
260, 1.34862, 0.216, 175453
261, 1.34146, 0.222, 176128
262, 1.342, 0.223, 176802
263, 1.32126, 0.213, 177477
264, 1.32682, 0.211, 178152
265, 1.36472, 0.22, 178827
266, 1.36087, 0.222, 179502
267, 1.35618, 0.222, 180177
268, 1.386, 0.231, 180857
269, 1.37285, 0.23, 181532
270, 1.39037, 0.236, 182207
271, 1.42088, 0.24, 182882
272, 1.38941, 0.232, 183557
273, 1.38901, 0.235, 184232
274, 1.3857, 0.241, 184907
275, 1.3882, 0.232, 185582
276, 1.37109, 0.233, 186256
277, 1.38272, 0.23, 186931
278, 1.37686, 0.231, 187606
279, 1.37705, 0.227, 188281
280, 1.3552, 0.22, 188956
281, 1.35986, 0.22, 189631
282, 1.34822, 0.228, 190306
283, 1.3319, 0.224, 190981
284, 1.32782, 0.23, 191656
285, 1.32741, 0.226, 192331
286, 1.30731, 0.219, 193006
287, 1.30425, 0.219, 193680
288, 1.29989, 0.217, 194356
289, 1.31157, 0.221, 195030
290, 1.30857, 0.22, 195705
291, 1.32968, 0.223, 196380
292, 1.30703, 0.214, 197055
293, 1.31539, 0.216, 197730
294, 1.32343, 0.219, 198405
295, 1.30442, 0.212, 199080
296, 1.34425, 0.217, 199755
297, 1.28977, 0.209, 200430
298, 1.28192, 0.216, 201104
299, 1.29648, 0.217, 201779
300, 1.25325, 0.211, 202454
301, 1.23656, 0.203, 203129
302, 1.2435, 0.206, 203804
303, 1.25752, 0.213, 204479
304, 1.21973, 0.203, 205154
305, 1.21311, 0.198, 205829
306, 1.24586, 0.191, 206504
307, 1.2268, 0.201, 207179
308, 1.21785, 0.203, 207854
309, 1.23431, 0.201, 208529
310, 1.2382, 0.201, 209204
311, 1.24642, 0.2, 209879
312, 1.22044, 0.196, 210554
313, 1.21374, 0.198, 211229
314, 1.22255, 0.21, 211903
315, 1.24, 0.197, 212578
316, 1.23672, 0.2, 213253
317, 1.2308, 0.194, 213928
318, 1.27278, 0.2, 214603
319, 1.27847, 0.199, 215278
320, 1.2727, 0.199, 215953
321, 1.26539, 0.199, 216628
322, 1.26283, 0.199, 217302
323, 1.26826, 0.202, 217977
324, 1.27819, 0.2, 218652
325, 1.30068, 0.207, 219327
326, 1.26734, 0.2, 220002
327, 1.2586, 0.193, 220677
328, 1.26445, 0.19, 221352
329, 1.26438, 0.199, 222027
330, 1.24495, 0.193, 222701
331, 1.26168, 0.192, 223376
332, 1.24844, 0.193, 224051
333, 1.2519, 0.201, 224726
334, 1.25037, 0.196, 225401
335, 1.21769, 0.195, 226076
336, 1.21806, 0.185, 226751
337, 1.19509, 0.183, 227426
338, 1.21022, 0.186, 228101
339, 1.20709, 0.193, 228775
340, 1.19711, 0.196, 229450
341, 1.19444, 0.185, 230125
342, 1.17628, 0.191, 230800
343, 1.1783, 0.19, 231475
344, 1.18119, 0.193, 232150
345, 1.17961, 0.195, 232825
346, 1.19898, 0.199, 233500
347, 1.19731, 0.196, 234174
348, 1.23238, 0.2, 234849
349, 1.18993, 0.192, 235524
350, 1.20021, 0.188, 236199
351, 1.18538, 0.19, 236874
352, 1.18581, 0.183, 237549
353, 1.19803, 0.189, 238224
354, 1.20431, 0.184, 238898
355, 1.19574, 0.187, 239573
356, 1.17757, 0.188, 240248
357, 1.16498, 0.188, 240924
358, 1.15986, 0.19, 241599
359, 1.14897, 0.181, 242274
360, 1.14425, 0.183, 242948
361, 1.14537, 0.181, 243623
362, 1.12821, 0.176, 244298
363, 1.16085, 0.181, 244973
364, 1.15512, 0.174, 245648
365, 1.19401, 0.185, 246323
366, 1.24523, 0.19, 246997
367, 1.23411, 0.187, 247672
368, 1.21445, 0.182, 248347
369, 1.25047, 0.195, 249022
370, 1.24013, 0.193, 249697
371, 1.2668, 0.193, 250372
372, 1.26218, 0.195, 251047
373, 1.27255, 0.197, 251721
374, 1.26441, 0.198, 252396
375, 1.27163, 0.2, 253071
376, 1.28864, 0.202, 253746
377, 1.25394, 0.198, 254421
378, 1.29633, 0.193, 255096
379, 1.30107, 0.207, 255771
380, 1.27606, 0.202, 256446
381, 1.30562, 0.208, 257121
382, 1.2894, 0.2, 257796
383, 1.26734, 0.201, 258470
384, 1.28856, 0.208, 259145
385, 1.26411, 0.204, 259820
386, 1.28666, 0.204, 260495
387, 1.30922, 0.212, 261170
388, 1.30232, 0.213, 261845
389, 1.34458, 0.223, 262520
390, 1.34217, 0.213, 263195
391, 1.32559, 0.214, 263870
392, 1.36647, 0.222, 264544
393, 1.36902, 0.223, 265219
394, 1.3572, 0.224, 265894
395, 1.34896, 0.222, 266569
396, 1.34843, 0.225, 267244
397, 1.35452, 0.225, 267919
398, 1.35405, 0.228, 268594
399, 1.39033, 0.231, 269269
400, 1.36468, 0.24, 269944
401, 1.38539, 0.238, 270619
402, 1.36415, 0.231, 271294
403, 1.37339, 0.23, 271968
404, 1.41168, 0.234, 272643
405, 1.41424, 0.232, 273318
406, 1.41253, 0.233, 273993
407, 1.38331, 0.229, 274668
408, 1.41346, 0.236, 275343
409, 1.43434, 0.239, 276018
410, 1.41173, 0.237, 276692
411, 1.41697, 0.234, 277367
412, 1.39358, 0.231, 278042
413, 1.37953, 0.23, 278717
414, 1.38571, 0.227, 279392
415, 1.39728, 0.234, 280066
416, 1.41112, 0.237, 280741
417, 1.40817, 0.237, 281416
418, 1.42641, 0.237, 282091
419, 1.42811, 0.238, 282766
420, 1.40215, 0.234, 283441
421, 1.40078, 0.238, 284116
422, 1.38585, 0.238, 284791
423, 1.38857, 0.242, 285465
424, 1.37945, 0.239, 286140
425, 1.39809, 0.238, 286815
426, 1.37777, 0.237, 287490
427, 1.43202, 0.248, 288165
428, 1.41643, 0.239, 288840
429, 1.41732, 0.236, 289515
430, 1.40739, 0.24, 290190
431, 1.40318, 0.242, 290865
432, 1.39255, 0.24, 291540
433, 1.41177, 0.241, 292214
434, 1.42863, 0.236, 292889
435, 1.42217, 0.237, 293564
436, 1.41902, 0.24, 294239
437, 1.41206, 0.237, 294914
438, 1.38675, 0.234, 295589
439, 1.39377, 0.238, 296264
440, 1.37982, 0.234, 296938
441, 1.38621, 0.241, 297613
442, 1.39267, 0.237, 298288
443, 1.44964, 0.247, 298963
444, 1.4193, 0.239, 299638
445, 1.43984, 0.241, 300313
446, 1.43476, 0.243, 300989
447, 1.41651, 0.244, 301663
448, 1.42171, 0.239, 302338
449, 1.43121, 0.243, 303013
450, 1.42057, 0.244, 303688
451, 1.41981, 0.24, 304363
452, 1.41759, 0.229, 305038
453, 1.43591, 0.233, 305713
454, 1.4427, 0.239, 306387
455, 1.4545, 0.238, 307062
456, 1.43669, 0.238, 307737
457, 1.46923, 0.247, 308412
458, 1.44659, 0.242, 309087
459, 1.45224, 0.241, 309762
460, 1.45508, 0.248, 310437
461, 1.45723, 0.249, 311112
462, 1.46043, 0.247, 311786
463, 1.47151, 0.246, 312461
464, 1.44959, 0.238, 313136
465, 1.45411, 0.242, 313811
466, 1.45197, 0.239, 314486
467, 1.45942, 0.239, 315161
468, 1.45678, 0.241, 315836
469, 1.48934, 0.24, 316511
470, 1.48002, 0.243, 317186
471, 1.48745, 0.243, 317861
472, 1.47448, 0.241, 318536
473, 1.49699, 0.242, 319211
474, 1.49095, 0.249, 319886
475, 1.49516, 0.255, 320561
476, 1.49889, 0.26, 321236
477, 1.48775, 0.262, 321911
478, 1.48079, 0.262, 322585
479, 1.48508, 0.267, 323260
480, 1.47582, 0.261, 323935
481, 1.47134, 0.257, 324610
482, 1.45012, 0.258, 325285
483, 1.45669, 0.26, 325960
484, 1.44234, 0.259, 326635
485, 1.45347, 0.259, 327310
486, 1.43784, 0.258, 327985
487, 1.4478, 0.261, 328660
488, 1.45916, 0.256, 329335
489, 1.45137, 0.255, 330010
490, 1.42951, 0.247, 330685
491, 1.41524, 0.248, 331360
492, 1.40867, 0.257, 332035
493, 1.41374, 0.259, 332710
494, 1.4158, 0.261, 333385
495, 1.43317, 0.262, 334060
496, 1.43543, 0.251, 334735
497, 1.4402, 0.255, 335410
498, 1.42215, 0.254, 336085
499, 1.4288, 0.247, 336760
500, 1.40257, 0.242, 337435
501, 1.40218, 0.246, 338110
502, 1.4176, 0.254, 338784
503, 1.41654, 0.248, 339459
504, 1.43244, 0.256, 340134
505, 1.43129, 0.26, 340809
506, 1.45313, 0.26, 341484
507, 1.4434, 0.259, 342159
508, 1.47597, 0.259, 342834
509, 1.47616, 0.254, 343509
510, 1.50606, 0.259, 344184
511, 1.50744, 0.257, 344859
512, 1.49942, 0.256, 345534
513, 1.4944, 0.254, 346208
514, 1.50834, 0.262, 346884
515, 1.47763, 0.254, 347558
516, 1.49116, 0.252, 348233
517, 1.48324, 0.252, 348908
518, 1.45968, 0.253, 349583
519, 1.45792, 0.252, 350258
520, 1.48333, 0.258, 350933
521, 1.49177, 0.258, 351608
522, 1.48183, 0.251, 352283
523, 1.50332, 0.255, 352958
524, 1.50281, 0.252, 353632
525, 1.50247, 0.251, 354307
526, 1.49453, 0.254, 354982
527, 1.50007, 0.254, 355657
528, 1.50984, 0.251, 356332
529, 1.5236, 0.255, 357007
530, 1.51789, 0.26, 357682
531, 1.52207, 0.257, 358357
532, 1.54968, 0.258, 359032
533, 1.54864, 0.256, 359706
534, 1.52961, 0.259, 360381
535, 1.52034, 0.253, 361057
536, 1.50744, 0.252, 361732
537, 1.52303, 0.254, 362407
538, 1.52417, 0.26, 363082
539, 1.50136, 0.252, 363757
540, 1.51244, 0.252, 364431
541, 1.49792, 0.261, 365106
542, 1.4917, 0.254, 365781
543, 1.49967, 0.254, 366456
544, 1.49836, 0.251, 367131
545, 1.49472, 0.253, 367806
546, 1.49667, 0.255, 368480
547, 1.49916, 0.251, 369155
548, 1.47973, 0.252, 369830
549, 1.47935, 0.25, 370505
550, 1.47976, 0.254, 371180
551, 1.46354, 0.253, 371855
552, 1.4526, 0.247, 372530
553, 1.4521, 0.249, 373204
554, 1.45892, 0.25, 373887
555, 1.46174, 0.247, 374562
556, 1.47948, 0.255, 375237
557, 1.50147, 0.256, 375912
558, 1.50486, 0.255, 376586
559, 1.50161, 0.26, 377261
560, 1.50207, 0.264, 377936
561, 1.48772, 0.26, 378611
562, 1.48141, 0.255, 379286
563, 1.45383, 0.253, 379960
564, 1.50228, 0.256, 380635
565, 1.52174, 0.26, 381310
566, 1.51872, 0.261, 381985
567, 1.50775, 0.268, 382660
568, 1.51054, 0.268, 383335
569, 1.52256, 0.272, 384009
570, 1.51112, 0.274, 384684
571, 1.51921, 0.265, 385359
572, 1.5061, 0.262, 386034
573, 1.50067, 0.26, 386709
574, 1.49892, 0.256, 387384
575, 1.48203, 0.254, 388059
576, 1.47809, 0.252, 388734
577, 1.49331, 0.259, 389409
578, 1.50267, 0.255, 390084
579, 1.49576, 0.258, 390758
580, 1.507, 0.255, 391434
581, 1.4892, 0.252, 392108
582, 1.50329, 0.253, 392783
583, 1.50995, 0.255, 393458
584, 1.48858, 0.258, 394133
585, 1.46539, 0.252, 394808
586, 1.47952, 0.257, 395483
587, 1.47576, 0.256, 396157
588, 1.47822, 0.257, 396832
589, 1.52315, 0.259, 397507
590, 1.52303, 0.256, 398182
591, 1.53668, 0.263, 398857
592, 1.54663, 0.264, 399532
593, 1.57103, 0.262, 400207
594, 1.55658, 0.258, 400882
595, 1.56621, 0.262, 401556
596, 1.57174, 0.262, 402231
597, 1.55205, 0.262, 402906
598, 1.55299, 0.259, 403581
599, 1.5269, 0.259, 404256
600, 1.51704, 0.258, 404931
601, 1.52121, 0.256, 405606
602, 1.51356, 0.257, 406281
603, 1.48945, 0.254, 406955
604, 1.48537, 0.252, 407630
605, 1.48013, 0.259, 408305
606, 1.47831, 0.257, 408980
607, 1.48135, 0.253, 409655
608, 1.47293, 0.252, 410330
609, 1.46482, 0.246, 411005
610, 1.44806, 0.245, 411680
611, 1.44849, 0.242, 412355
612, 1.4564, 0.238, 413030
613, 1.4399, 0.239, 413705
614, 1.42601, 0.234, 414380
615, 1.42248, 0.228, 415054
616, 1.41255, 0.232, 415729
617, 1.40199, 0.233, 416404
618, 1.41356, 0.235, 417079
619, 1.40801, 0.233, 417754
620, 1.41575, 0.231, 418429
621, 1.43237, 0.234, 419104
622, 1.41936, 0.236, 419779
623, 1.42982, 0.231, 420454
624, 1.45511, 0.235, 421129
625, 1.45794, 0.238, 421804
626, 1.48703, 0.243, 422479
627, 1.48724, 0.246, 423154
628, 1.48848, 0.245, 423829
629, 1.50651, 0.247, 424504
630, 1.52295, 0.244, 425179
631, 1.52246, 0.241, 425854
632, 1.51546, 0.24, 426529
633, 1.49042, 0.241, 427203
634, 1.53728, 0.24, 427878
635, 1.49467, 0.236, 428553
636, 1.5052, 0.232, 429228
637, 1.51785, 0.232, 429903
638, 1.52871, 0.233, 430578
639, 1.53505, 0.231, 431253
640, 1.52808, 0.231, 431928
641, 1.53877, 0.237, 432602
642, 1.50603, 0.238, 433277
643, 1.50068, 0.239, 433952
644, 1.52521, 0.244, 434627
645, 1.51728, 0.243, 435302
646, 1.4956, 0.243, 435977
647, 1.484, 0.24, 436651
648, 1.4659, 0.235, 437327
649, 1.47156, 0.241, 438001
650, 1.48207, 0.237, 438676
651, 1.53054, 0.238, 439351
652, 1.52948, 0.232, 440026
653, 1.54015, 0.235, 440701
654, 1.53474, 0.236, 441375
655, 1.53575, 0.241, 442050
656, 1.55595, 0.241, 442725
657, 1.56079, 0.239, 443400
658, 1.54876, 0.248, 444075
659, 1.56054, 0.242, 444750
660, 1.54081, 0.239, 445425
661, 1.54272, 0.242, 446099
662, 1.53449, 0.241, 446774
663, 1.53902, 0.239, 447449
664, 1.53142, 0.244, 448124
665, 1.5469, 0.237, 448799
666, 1.53569, 0.237, 449474
667, 1.52196, 0.231, 450149
668, 1.52269, 0.229, 450824
669, 1.51061, 0.228, 451499
670, 1.52662, 0.236, 452173
671, 1.51803, 0.233, 452848
672, 1.52007, 0.235, 453523
673, 1.5096, 0.236, 454198
674, 1.49628, 0.237, 454873
675, 1.48926, 0.231, 455548
676, 1.48802, 0.234, 456223
677, 1.48582, 0.234, 456898
678, 1.50878, 0.237, 457573
679, 1.51606, 0.236, 458248
680, 1.52897, 0.233, 458923
681, 1.51156, 0.232, 459597
682, 1.51895, 0.231, 460272
683, 1.51147, 0.229, 460947
684, 1.50852, 0.231, 461622
685, 1.51234, 0.233, 462296
686, 1.52516, 0.238, 462971
687, 1.53382, 0.239, 463646
688, 1.53802, 0.238, 464321
689, 1.53139, 0.24, 464996
690, 1.54603, 0.244, 465671
691, 1.55088, 0.248, 466345
692, 1.5641, 0.249, 467020
693, 1.56456, 0.248, 467695
694, 1.55431, 0.25, 468370
695, 1.55771, 0.244, 469045
696, 1.53464, 0.243, 469720
697, 1.53851, 0.247, 470395
698, 1.5317, 0.244, 471070
699, 1.48773, 0.234, 471744
700, 1.48952, 0.231, 472419
701, 1.49867, 0.233, 473094
702, 1.51662, 0.234, 473769
703, 1.49977, 0.233, 474444
704, 1.51446, 0.232, 475119
705, 1.5149, 0.231, 475794
706, 1.5267, 0.235, 476469
707, 1.53856, 0.236, 477143
708, 1.5115, 0.231, 477818
709, 1.51715, 0.237, 478493
710, 1.52312, 0.235, 479168
711, 1.52628, 0.234, 479843
712, 1.53135, 0.236, 480518
713, 1.53157, 0.233, 481193
714, 1.53409, 0.228, 481868
715, 1.52871, 0.228, 482543
716, 1.51527, 0.23, 483218
717, 1.5095, 0.232, 483893
718, 1.51689, 0.228, 484568
719, 1.53679, 0.232, 485243
720, 1.52975, 0.233, 485917
721, 1.5426, 0.23, 486593
722, 1.52984, 0.226, 487268
723, 1.51331, 0.222, 487944
724, 1.50262, 0.219, 488619
725, 1.50618, 0.221, 489295
726, 1.48213, 0.22, 489970
727, 1.48593, 0.224, 490646
728, 1.46636, 0.219, 491321
729, 1.46424, 0.217, 491997
730, 1.46698, 0.218, 492672
731, 1.46879, 0.215, 493348
732, 1.50035, 0.216, 494023
733, 1.49004, 0.22, 494699
734, 1.50849, 0.219, 495374
735, 1.48389, 0.215, 496050
736, 1.50932, 0.217, 496725
737, 1.49333, 0.218, 497401
738, 1.49675, 0.217, 498076
739, 1.49194, 0.22, 498752
740, 1.46661, 0.219, 499427
741, 1.48389, 0.218, 500103
742, 1.46706, 0.219, 500778
743, 1.4874, 0.22, 501454
744, 1.46658, 0.214, 502130
745, 1.44927, 0.217, 502805
746, 1.45489, 0.218, 503481
747, 1.44546, 0.212, 504156
748, 1.46151, 0.219, 504832
749, 1.4575, 0.214, 505507
750, 1.46117, 0.215, 506183
751, 1.46564, 0.211, 506858
752, 1.46087, 0.226, 507534
753, 1.46492, 0.227, 508210
754, 1.47022, 0.23, 508885
755, 1.45254, 0.23, 509561
756, 1.46243, 0.23, 510236
757, 1.46936, 0.228, 510912
758, 1.47794, 0.232, 511587
759, 1.47737, 0.23, 512263
760, 1.46534, 0.226, 512938
761, 1.4591, 0.223, 513614
762, 1.47787, 0.226, 514289
763, 1.47192, 0.225, 514965
764, 1.45198, 0.224, 515641
765, 1.45804, 0.226, 516316
766, 1.45068, 0.219, 516991
767, 1.43957, 0.221, 517667
768, 1.41638, 0.215, 518342
769, 1.42266, 0.216, 519018
770, 1.42207, 0.219, 519694
771, 1.43448, 0.219, 520369
772, 1.43387, 0.219, 521045
773, 1.42929, 0.218, 521720
774, 1.45632, 0.217, 522396
775, 1.45411, 0.224, 523071
776, 1.44478, 0.223, 523747
777, 1.45543, 0.224, 524422
778, 1.46028, 0.225, 525098
779, 1.46295, 0.224, 525773
780, 1.4835, 0.222, 526449
781, 1.48313, 0.221, 527124
782, 1.50441, 0.22, 527800
783, 1.49523, 0.219, 528475
784, 1.48235, 0.216, 529151
785, 1.48676, 0.216, 529827
786, 1.53393, 0.226, 530502
787, 1.46094, 0.217, 531178
788, 1.45202, 0.214, 531853
789, 1.44688, 0.218, 532529
790, 1.43677, 0.211, 533204
791, 1.44934, 0.21, 533880
792, 1.43778, 0.211, 534555
793, 1.45609, 0.21, 535231
794, 1.45629, 0.206, 535906
795, 1.45206, 0.206, 536582
796, 1.43808, 0.206, 537257
797, 1.45563, 0.209, 537933
798, 1.45202, 0.208, 538608
799, 1.44584, 0.206, 539284
800, 1.44533, 0.21, 539959
801, 1.44126, 0.209, 540636
802, 1.43474, 0.209, 541311
803, 1.43929, 0.212, 541987
804, 1.4476, 0.217, 542662
805, 1.45787, 0.217, 543338
806, 1.44804, 0.213, 544013
807, 1.44573, 0.211, 544689
808, 1.44599, 0.213, 545365
809, 1.45379, 0.214, 546040
810, 1.46482, 0.216, 546715
811, 1.46145, 0.218, 547391
812, 1.46843, 0.219, 548066
813, 1.47908, 0.227, 548742
814, 1.48994, 0.222, 549417
815, 1.48454, 0.222, 550093
816, 1.46492, 0.217, 550768
817, 1.44918, 0.22, 551444
818, 1.43429, 0.221, 552119
819, 1.44691, 0.223, 552795
820, 1.44444, 0.228, 553470
821, 1.46242, 0.229, 554146
822, 1.44212, 0.226, 554822
823, 1.41924, 0.224, 555497
824, 1.4194, 0.228, 556173
825, 1.41925, 0.227, 556848
826, 1.41956, 0.227, 557524
827, 1.39918, 0.227, 558199
828, 1.37912, 0.226, 558875
829, 1.39395, 0.225, 559551
830, 1.39992, 0.225, 560226
831, 1.39921, 0.226, 560901
832, 1.38977, 0.224, 561577
833, 1.38926, 0.221, 562253
834, 1.38567, 0.219, 562928
835, 1.39262, 0.223, 563604
836, 1.39372, 0.224, 564279
837, 1.3881, 0.22, 564954
838, 1.39304, 0.218, 565630
839, 1.38681, 0.216, 566305
840, 1.38602, 0.216, 566981
841, 1.39398, 0.214, 567657
842, 1.39534, 0.218, 568332
843, 1.39809, 0.218, 569008
844, 1.3961, 0.217, 569683
845, 1.41963, 0.219, 570359
846, 1.41358, 0.218, 571035
847, 1.41171, 0.22, 571710
848, 1.40871, 0.221, 572386
849, 1.43408, 0.222, 573061
850, 1.42721, 0.224, 573737
851, 1.43099, 0.222, 574412
852, 1.43819, 0.216, 575088
853, 1.45101, 0.222, 575763
854, 1.4639, 0.221, 576439
855, 1.45467, 0.221, 577114
856, 1.46393, 0.222, 577790
857, 1.47136, 0.22, 578465
858, 1.45556, 0.228, 579141
859, 1.45903, 0.226, 579817
860, 1.45395, 0.228, 580492
861, 1.47108, 0.238, 581168
862, 1.46455, 0.236, 581843
863, 1.46131, 0.233, 582518
864, 1.45768, 0.231, 583194
865, 1.45957, 0.234, 583870
866, 1.44398, 0.233, 584545
867, 1.47861, 0.24, 585221
868, 1.46654, 0.232, 585896
869, 1.46198, 0.227, 586571
870, 1.45881, 0.225, 587247
871, 1.45085, 0.225, 587922
872, 1.45797, 0.228, 588598
873, 1.44455, 0.219, 589273
874, 1.46126, 0.218, 589949
875, 1.45869, 0.221, 590624
876, 1.46307, 0.221, 591299
877, 1.45761, 0.223, 591975
878, 1.47311, 0.223, 592650
879, 1.47911, 0.221, 593326
880, 1.47202, 0.223, 594001
881, 1.4958, 0.221, 594677
882, 1.46073, 0.223, 595352
883, 1.46467, 0.221, 596028
884, 1.47825, 0.22, 596703
885, 1.45352, 0.217, 597379
886, 1.46749, 0.224, 598054
887, 1.46176, 0.225, 598730
888, 1.45349, 0.223, 599406
889, 1.45426, 0.225, 600081
890, 1.47328, 0.227, 600758
891, 1.4491, 0.223, 601433
892, 1.47985, 0.226, 602109
893, 1.48272, 0.227, 602784
894, 1.47967, 0.226, 603460
895, 1.5048, 0.229, 604136
896, 1.50467, 0.225, 604811
897, 1.49976, 0.222, 605487
898, 1.49906, 0.221, 606162
899, 1.50727, 0.223, 606838
900, 1.5101, 0.226, 607513
901, 1.5071, 0.225, 608189
902, 1.51228, 0.222, 608864
903, 1.52181, 0.224, 609540
904, 1.52312, 0.222, 610215
905, 1.53072, 0.225, 610891
906, 1.5288, 0.224, 611566
907, 1.54715, 0.226, 612242
908, 1.56589, 0.224, 612917
909, 1.54326, 0.222, 613593
910, 1.54943, 0.224, 614268
911, 1.53942, 0.228, 614944
912, 1.53894, 0.23, 615619
913, 1.5373, 0.227, 616295
914, 1.5426, 0.227, 616970
915, 1.5559, 0.224, 617646
916, 1.53466, 0.222, 618321
917, 1.52352, 0.217, 618997
918, 1.50354, 0.221, 619672
919, 1.49952, 0.221, 620348
920, 1.51082, 0.225, 621023
921, 1.49321, 0.224, 621699
922, 1.51109, 0.228, 622374
923, 1.4862, 0.229, 623049
924, 1.48116, 0.228, 623725
925, 1.49203, 0.229, 624401
926, 1.49, 0.229, 625076
927, 1.51271, 0.232, 625752
928, 1.50316, 0.234, 626427
929, 1.51111, 0.235, 627103
930, 1.50425, 0.23, 627778
931, 1.51823, 0.225, 628454
932, 1.53158, 0.235, 629130
933, 1.53461, 0.229, 629805
934, 1.52243, 0.221, 630480
935, 1.52074, 0.228, 631156
936, 1.53185, 0.224, 631832
937, 1.51934, 0.226, 632507
938, 1.52432, 0.227, 633183
939, 1.5065, 0.22, 633858
940, 1.51, 0.221, 634534
941, 1.49851, 0.221, 635209
942, 1.51595, 0.221, 635885
943, 1.48911, 0.211, 636560
944, 1.47617, 0.215, 637236
945, 1.473, 0.216, 637911
946, 1.49112, 0.226, 638587
947, 1.47021, 0.224, 639262
948, 1.45836, 0.222, 639938
949, 1.46178, 0.225, 640614
950, 1.48026, 0.226, 641289
951, 1.47863, 0.226, 641964
952, 1.47771, 0.225, 642640
953, 1.47458, 0.223, 643315
954, 1.46059, 0.226, 643991
955, 1.46095, 0.222, 644666
956, 1.45973, 0.219, 645342
957, 1.46212, 0.218, 646018
958, 1.47215, 0.219, 646693
959, 1.47174, 0.219, 647369
960, 1.48412, 0.222, 648044
961, 1.50034, 0.216, 648720
962, 1.51579, 0.223, 649396
963, 1.50857, 0.221, 650071
964, 1.49239, 0.219, 650746
965, 1.52581, 0.223, 651422
966, 1.5272, 0.224, 652098
967, 1.54607, 0.227, 652774
968, 1.54973, 0.226, 653449
969, 1.54568, 0.228, 654125
970, 1.54881, 0.225, 654800
971, 1.54271, 0.23, 655476
972, 1.54559, 0.226, 656152
973, 1.5472, 0.227, 656827
974, 1.54794, 0.225, 657503
975, 1.5637, 0.23, 658178
976, 1.55416, 0.234, 658854
977, 1.55617, 0.233, 659530
978, 1.55941, 0.229, 660205
979, 1.59691, 0.239, 660882
980, 1.5946, 0.239, 661557
981, 1.58654, 0.237, 662233
982, 1.60803, 0.236, 662908
983, 1.59317, 0.237, 663584
984, 1.59503, 0.237, 664260
985, 1.57706, 0.231, 664935
986, 1.6014, 0.234, 665611
987, 1.59934, 0.232, 666286
988, 1.61873, 0.241, 666962
989, 1.60943, 0.238, 667638
990, 1.61397, 0.242, 668313
991, 1.60018, 0.24, 668989
992, 1.59104, 0.231, 669664
993, 1.6019, 0.237, 670340
994, 1.61841, 0.236, 671015
995, 1.61971, 0.238, 671691
996, 1.58971, 0.231, 672366
997, 1.5758, 0.23, 673042
998, 1.58309, 0.233, 673718
999, 1.57537, 0.229, 674393
1000, 1.57556, 0.229, 675069
