epoch, cross_entropy, error, time
1, 38.5705, 0.859, 1220
2, 3.6479, 0.462, 2569
3, 2.28093, 0.228, 3919
4, 2.63916, 0.289, 5267
5, 3.0079, 0.325, 6615
6, 2.00069, 0.227, 7963
7, 2.32971, 0.247, 9311
8, 2.37807, 0.29, 10658
9, 3.55814, 0.364, 12007
10, 3.0242, 0.314, 13355
11, 2.56994, 0.291, 14703
12, 2.24131, 0.272, 16050
13, 1.94317, 0.245, 17397
14, 2.31721, 0.274, 18744
15, 1.93779, 0.259, 20091
16, 1.81671, 0.245, 21437
17, 1.6635, 0.255, 22784
18, 1.62274, 0.248, 24131
19, 1.80886, 0.281, 25478
20, 1.7848, 0.278, 26824
21, 1.79844, 0.268, 28171
22, 1.7814, 0.251, 29518
23, 1.63894, 0.233, 30865
24, 1.46171, 0.208, 32212
25, 1.34252, 0.188, 33559
26, 1.29998, 0.194, 34905
27, 1.21048, 0.176, 36252
28, 1.17474, 0.177, 37599
29, 1.14845, 0.166, 38946
30, 1.1335, 0.171, 40292
31, 1.12345, 0.168, 41640
32, 1.05392, 0.165, 42986
33, 1.07543, 0.164, 44333
34, 1.08893, 0.171, 45680
35, 1.0708, 0.176, 47027
36, 1.0943, 0.181, 48375
37, 1.03784, 0.169, 49722
38, 1.02768, 0.166, 51068
39, 1.00983, 0.164, 52415
40, 0.986198, 0.157, 53762
41, 0.907897, 0.144, 55109
42, 0.881063, 0.142, 56455
43, 0.963158, 0.137, 57802
44, 0.875851, 0.12, 59149
45, 0.849555, 0.126, 60495
46, 0.787556, 0.11, 61842
47, 0.801273, 0.12, 63189
48, 0.766267, 0.12, 64535
49, 1.04172, 0.149, 65882
50, 1.12973, 0.169, 67229
51, 0.97332, 0.152, 68575
52, 0.910492, 0.127, 69922
53, 0.900285, 0.115, 71268
54, 0.873004, 0.119, 72615
55, 0.806844, 0.12, 73961
56, 0.790442, 0.109, 75308
57, 0.763959, 0.114, 76655
58, 0.743436, 0.112, 78001
59, 0.750074, 0.113, 79348
60, 0.746835, 0.11, 80695
61, 0.754372, 0.112, 82042
62, 0.771678, 0.1, 83388
63, 0.719443, 0.098, 84735
64, 0.662022, 0.103, 86081
65, 0.668189, 0.104, 87428
66, 0.65781, 0.097, 88775
67, 0.676734, 0.096, 90121
68, 0.641614, 0.088, 91468
69, 0.626115, 0.09, 92814
70, 0.60042, 0.092, 94161
71, 0.609995, 0.088, 95507
72, 0.60657, 0.086, 96854
73, 0.506422, 0.075, 98201
74, 0.505279, 0.077, 99548
75, 0.577637, 0.077, 100894
76, 0.557402, 0.075, 102241
77, 0.495273, 0.072, 103587
78, 0.531486, 0.071, 104934
79, 0.500474, 0.067, 106281
80, 0.564814, 0.076, 107627
81, 0.55768, 0.08, 108975
82, 0.635418, 0.093, 110322
83, 0.634036, 0.094, 111669
84, 0.694429, 0.106, 113016
85, 0.713107, 0.106, 114362
86, 0.754097, 0.113, 115709
87, 0.742927, 0.117, 117056
88, 0.714277, 0.113, 118402
89, 0.727638, 0.122, 119749
90, 0.679166, 0.117, 121096
91, 0.69211, 0.113, 122443
92, 0.682268, 0.112, 123790
93, 0.681812, 0.108, 125136
94, 0.616482, 0.098, 126483
95, 0.639962, 0.103, 127830
96, 0.624559, 0.102, 129176
97, 0.631109, 0.1, 130523
98, 0.716867, 0.12, 131870
99, 0.739226, 0.118, 133216
100, 0.804238, 0.121, 134563
101, 0.89108, 0.129, 135910
102, 0.898062, 0.142, 137257
103, 0.831784, 0.127, 138603
104, 0.895957, 0.139, 139951
105, 0.951982, 0.145, 141297
106, 0.91602, 0.14, 142644
107, 0.960657, 0.15, 143991
108, 0.968852, 0.154, 145337
109, 0.948981, 0.145, 146684
110, 0.977235, 0.146, 148031
111, 0.984429, 0.143, 149377
112, 0.904611, 0.142, 150724
113, 0.95094, 0.14, 152071
114, 0.970129, 0.15, 153418
115, 0.928971, 0.129, 154764
116, 0.980487, 0.13, 156111
117, 0.941132, 0.13, 157458
118, 0.938431, 0.127, 158805
119, 1.20779, 0.2, 160152
120, 1.25193, 0.209, 161498
121, 1.25569, 0.204, 162845
122, 1.22739, 0.209, 164192
123, 1.38255, 0.223, 165539
124, 1.44184, 0.225, 166886
125, 1.33366, 0.206, 168233
126, 1.28647, 0.223, 169580
127, 1.30039, 0.217, 170927
128, 1.30903, 0.211, 172274
129, 1.37374, 0.218, 173621
130, 1.346, 0.215, 174968
131, 1.32553, 0.206, 176314
132, 1.30942, 0.207, 177661
133, 1.61013, 0.237, 179008
134, 1.48412, 0.236, 180355
135, 1.49286, 0.237, 181711
136, 1.48105, 0.231, 183058
137, 1.45776, 0.231, 184404
138, 1.45604, 0.245, 185751
139, 1.4381, 0.234, 187098
140, 1.44654, 0.234, 188445
141, 1.49372, 0.236, 189792
142, 1.46537, 0.231, 191139
143, 1.48482, 0.24, 192485
144, 1.45127, 0.229, 193832
145, 1.45784, 0.238, 195179
146, 1.40116, 0.224, 196525
147, 1.372, 0.225, 197872
148, 1.34577, 0.206, 199219
149, 1.3194, 0.214, 200566
150, 1.3454, 0.208, 201913
151, 1.37741, 0.209, 203260
152, 1.30655, 0.203, 204607
153, 1.30384, 0.207, 205954
154, 1.27119, 0.204, 207300
155, 1.24705, 0.204, 208647
156, 1.29873, 0.221, 209994
157, 1.25177, 0.222, 211341
158, 1.25805, 0.218, 212687
159, 1.24094, 0.214, 214034
160, 1.24589, 0.216, 215381
161, 1.30016, 0.228, 216728
162, 1.32679, 0.225, 218074
163, 1.31689, 0.216, 219421
164, 1.27073, 0.209, 220768
165, 1.29268, 0.212, 222115
166, 1.31299, 0.225, 223462
167, 1.29517, 0.209, 224808
168, 1.24097, 0.205, 226155
169, 1.21457, 0.2, 227502
170, 1.23943, 0.2, 228849
171, 1.24447, 0.202, 230196
172, 1.27045, 0.207, 231543
173, 1.24734, 0.201, 232889
174, 1.2259, 0.202, 234236
175, 1.22555, 0.212, 235583
176, 1.20052, 0.206, 236930
177, 1.13823, 0.195, 238277
178, 1.14065, 0.188, 239623
179, 1.12344, 0.178, 240970
180, 1.08513, 0.172, 242317
181, 1.03663, 0.169, 243663
182, 1.04135, 0.167, 245010
183, 1.06663, 0.176, 246357
184, 1.06402, 0.169, 247703
185, 1.06955, 0.176, 249050
186, 1.02106, 0.17, 250397
187, 1.04199, 0.17, 251743
188, 1.02075, 0.173, 253090
189, 0.991758, 0.163, 254436
190, 1.03544, 0.166, 255783
191, 1.02996, 0.169, 257130
192, 1.02062, 0.168, 258477
193, 1.02824, 0.168, 259824
194, 1.034, 0.165, 261171
195, 1.01048, 0.159, 262517
196, 1.04611, 0.161, 263864
197, 1.05615, 0.172, 265210
198, 1.07062, 0.168, 266557
199, 1.07036, 0.173, 267904
200, 1.08526, 0.175, 269251
201, 1.08605, 0.169, 270598
202, 1.07395, 0.167, 271944
203, 1.08606, 0.168, 273291
204, 1.08822, 0.165, 274638
205, 1.08676, 0.158, 275984
206, 1.09079, 0.167, 277331
207, 1.08252, 0.169, 278678
208, 1.1102, 0.17, 280025
209, 1.1127, 0.172, 281372
210, 1.11556, 0.178, 282719
211, 1.15063, 0.166, 284068
212, 1.09627, 0.168, 285415
213, 1.08024, 0.164, 286761
214, 1.08151, 0.166, 288108
215, 1.08888, 0.171, 289456
216, 1.08043, 0.162, 290803
217, 1.08827, 0.164, 292150
218, 1.06924, 0.16, 293497
219, 1.08574, 0.165, 294843
220, 1.07315, 0.167, 296190
221, 1.08138, 0.165, 297537
222, 1.04331, 0.161, 298883
223, 1.02348, 0.154, 300231
224, 1.04978, 0.154, 301580
225, 1.05678, 0.152, 302929
226, 1.04956, 0.156, 304278
227, 1.05669, 0.157, 305628
228, 1.0862, 0.167, 306977
229, 1.04389, 0.158, 308326
230, 1.08287, 0.162, 309675
231, 1.08459, 0.16, 311025
232, 1.02435, 0.154, 312374
233, 1.04066, 0.155, 313723
234, 1.03755, 0.156, 315073
235, 1.04664, 0.152, 316422
236, 1.08676, 0.152, 317771
237, 1.02538, 0.149, 319119
238, 1.03712, 0.149, 320468
239, 1.00727, 0.147, 321816
240, 1.01569, 0.145, 323165
241, 1.0338, 0.144, 324513
242, 1.05541, 0.146, 325862
243, 1.04312, 0.143, 327210
244, 1.03373, 0.137, 328559
245, 1.05744, 0.147, 329907
246, 1.00352, 0.142, 331255
247, 0.988494, 0.137, 332604
248, 0.988356, 0.138, 333953
249, 1.01078, 0.142, 335302
250, 1.01663, 0.136, 336650
251, 1.02616, 0.14, 337999
252, 1.03328, 0.141, 339347
253, 0.980651, 0.138, 340695
254, 0.957051, 0.137, 342044
255, 1.02485, 0.141, 343392
256, 1.02989, 0.145, 344741
257, 1.02656, 0.143, 346089
258, 1.01732, 0.14, 347437
259, 0.97537, 0.137, 348787
260, 0.973035, 0.138, 350136
261, 1.00569, 0.142, 351484
262, 0.963265, 0.133, 352833
263, 0.952316, 0.14, 354181
264, 0.945026, 0.135, 355530
265, 0.965433, 0.14, 356878
266, 0.953518, 0.135, 358226
267, 0.961983, 0.133, 359575
268, 0.972343, 0.134, 360923
269, 0.975311, 0.128, 362272
270, 0.975581, 0.127, 363620
271, 0.922087, 0.127, 364969
272, 0.939399, 0.125, 366317
273, 0.996013, 0.129, 367666
274, 0.959632, 0.134, 369014
275, 1.00265, 0.14, 370363
276, 1.02318, 0.141, 371711
277, 1.01767, 0.142, 373060
278, 0.997742, 0.143, 374408
279, 0.992821, 0.141, 375757
280, 0.921438, 0.135, 377105
281, 0.96188, 0.136, 378454
282, 0.970449, 0.137, 379802
283, 0.963712, 0.137, 381151
284, 0.975337, 0.133, 382499
285, 0.970171, 0.134, 383848
286, 0.983199, 0.131, 385196
287, 0.980107, 0.136, 386544
288, 0.991199, 0.132, 387893
289, 0.988166, 0.135, 389241
290, 1.00329, 0.137, 390590
291, 1.00347, 0.142, 391938
292, 0.979715, 0.138, 393286
293, 0.97268, 0.139, 394635
294, 0.980465, 0.13, 395983
295, 1.01276, 0.136, 397331
296, 1.02002, 0.131, 398680
297, 1.05791, 0.141, 400028
298, 1.0268, 0.141, 401377
299, 1.02432, 0.146, 402725
300, 0.998148, 0.137, 404073
301, 1.02298, 0.144, 405422
302, 1.01203, 0.143, 406770
303, 1.01803, 0.141, 408118
304, 1.07352, 0.15, 409467
305, 1.07442, 0.147, 410816
306, 1.08936, 0.154, 412164
307, 1.1137, 0.156, 413512
308, 1.14413, 0.163, 414861
309, 1.15753, 0.161, 416209
310, 1.13009, 0.163, 417558
311, 1.11333, 0.157, 418906
312, 1.12325, 0.159, 420254
313, 1.14009, 0.163, 421602
314, 1.15553, 0.166, 422951
315, 1.12779, 0.162, 424299
316, 1.13526, 0.162, 425647
317, 1.14977, 0.168, 426996
318, 1.1422, 0.169, 428344
319, 1.1906, 0.175, 429692
320, 1.18992, 0.182, 431040
321, 1.15312, 0.174, 432389
322, 1.16917, 0.179, 433737
323, 1.11543, 0.163, 435085
324, 1.11424, 0.168, 436434
325, 1.13038, 0.171, 437782
326, 1.12921, 0.17, 439131
327, 1.0978, 0.166, 440479
328, 1.09338, 0.16, 441828
329, 1.09989, 0.162, 443176
330, 1.07325, 0.159, 444525
331, 1.07101, 0.149, 445873
332, 1.06396, 0.149, 447221
333, 1.07744, 0.151, 448570
334, 1.07086, 0.152, 449918
335, 1.09753, 0.146, 451267
336, 1.07209, 0.153, 452615
337, 1.09092, 0.16, 453963
338, 1.08817, 0.158, 455312
339, 1.10759, 0.154, 456660
340, 1.05868, 0.152, 458009
341, 1.04022, 0.153, 459357
342, 1.05808, 0.158, 460706
343, 1.03669, 0.153, 462054
344, 1.00578, 0.141, 463402
345, 1.01955, 0.145, 464751
346, 1.07322, 0.148, 466099
347, 1.03935, 0.147, 467448
348, 1.0724, 0.151, 468797
349, 1.04916, 0.153, 470145
350, 1.00095, 0.151, 471494
351, 0.995833, 0.139, 472842
352, 0.983873, 0.139, 474190
353, 0.979471, 0.131, 475539
354, 0.94533, 0.128, 476887
355, 0.946075, 0.129, 478235
356, 0.953337, 0.135, 479583
357, 1.00223, 0.14, 480932
358, 1.04903, 0.15, 482280
359, 1.04692, 0.147, 483629
360, 1.01111, 0.146, 484977
361, 1.01291, 0.145, 486326
362, 1.00024, 0.142, 487674
363, 1.04861, 0.144, 489022
364, 1.08271, 0.151, 490371
365, 1.05459, 0.148, 491719
366, 1.05148, 0.14, 493068
367, 1.02624, 0.138, 494416
368, 1.00551, 0.133, 495765
369, 1.06549, 0.144, 497113
370, 1.05201, 0.141, 498461
371, 1.01894, 0.135, 499810
372, 0.988694, 0.135, 501159
373, 1.00097, 0.132, 502507
374, 0.994131, 0.14, 503856
375, 0.969212, 0.139, 505204
376, 0.98597, 0.144, 506553
377, 1.03582, 0.155, 507901
378, 1.01405, 0.15, 509250
379, 0.999191, 0.144, 510598
380, 1.01681, 0.142, 511946
381, 0.998057, 0.141, 513295
382, 0.980062, 0.141, 514643
383, 0.975852, 0.139, 515992
384, 0.935551, 0.136, 517340
385, 0.928235, 0.129, 518689
386, 0.958191, 0.138, 520037
387, 0.966304, 0.141, 521385
388, 0.9468, 0.134, 522734
389, 0.960493, 0.138, 524082
390, 0.934903, 0.132, 525431
391, 0.976741, 0.138, 526779
392, 0.969167, 0.136, 528128
393, 0.956484, 0.129, 529477
394, 0.931484, 0.132, 530826
395, 0.903253, 0.126, 532174
396, 0.879293, 0.124, 533523
397, 0.918194, 0.132, 534871
398, 0.915538, 0.138, 536220
399, 0.947182, 0.14, 537568
400, 0.917166, 0.126, 538917
401, 0.898816, 0.126, 540265
402, 0.916653, 0.127, 541613
403, 0.96425, 0.135, 542962
404, 0.939359, 0.142, 544316
405, 0.928807, 0.141, 545665
406, 0.961616, 0.134, 547013
407, 0.938901, 0.132, 548362
408, 0.953894, 0.141, 549710
409, 0.927122, 0.139, 551059
410, 0.942919, 0.139, 552407
411, 0.936602, 0.142, 553756
412, 0.962703, 0.144, 555104
413, 0.966592, 0.142, 556452
414, 0.9676, 0.146, 557801
415, 0.936598, 0.139, 559149
416, 0.978608, 0.147, 560498
417, 0.967126, 0.142, 561846
418, 0.950842, 0.144, 563194
419, 0.937457, 0.141, 564542
420, 0.919775, 0.137, 565891
421, 0.92524, 0.139, 567239
422, 0.932441, 0.141, 568588
423, 0.94111, 0.145, 569936
424, 0.920164, 0.138, 571284
425, 0.929451, 0.14, 572633
426, 0.917038, 0.132, 573981
427, 0.967187, 0.134, 575329
428, 0.923669, 0.13, 576678
429, 0.932672, 0.136, 578026
430, 0.952353, 0.135, 579375
431, 0.976784, 0.136, 580723
432, 0.945904, 0.137, 582071
433, 0.981514, 0.137, 583420
434, 0.95746, 0.138, 584768
435, 0.941791, 0.138, 586116
436, 0.977689, 0.141, 587465
437, 0.966034, 0.141, 588814
438, 0.999645, 0.146, 590163
439, 1.00997, 0.137, 591511
440, 0.978333, 0.131, 592859
441, 0.930251, 0.126, 594207
442, 0.93833, 0.131, 595556
443, 0.927826, 0.126, 596904
444, 0.945181, 0.119, 598252
445, 0.907033, 0.116, 599600
446, 0.937468, 0.12, 600949
447, 0.925789, 0.116, 602297
448, 0.888211, 0.112, 603645
449, 0.833782, 0.107, 604994
450, 0.802468, 0.104, 606342
451, 0.809502, 0.102, 607690
452, 0.836963, 0.108, 609039
453, 0.833889, 0.101, 610387
454, 0.834002, 0.103, 611736
455, 0.815724, 0.104, 613084
456, 0.806143, 0.107, 614432
457, 0.829692, 0.109, 615781
458, 0.802642, 0.107, 617129
459, 0.78897, 0.1, 618477
460, 0.789847, 0.103, 619826
461, 0.804894, 0.108, 621174
462, 0.8262, 0.109, 622523
463, 0.832682, 0.108, 623871
464, 0.841949, 0.104, 625219
465, 0.855321, 0.104, 626568
466, 0.872937, 0.106, 627916
467, 0.855282, 0.097, 629265
468, 0.880002, 0.107, 630613
469, 0.872167, 0.101, 631961
470, 0.92999, 0.108, 633310
471, 0.929963, 0.106, 634659
472, 0.895809, 0.108, 636007
473, 0.930982, 0.111, 637355
474, 0.936117, 0.113, 638704
475, 0.954288, 0.114, 640052
476, 0.950958, 0.11, 641401
477, 0.957265, 0.123, 642749
478, 0.951007, 0.117, 644097
479, 0.955724, 0.119, 645446
480, 0.960381, 0.119, 646794
481, 0.965034, 0.124, 648143
482, 0.986455, 0.124, 649492
483, 0.989909, 0.124, 650841
484, 0.994173, 0.115, 652189
485, 0.961826, 0.118, 653538
486, 0.995164, 0.123, 654886
487, 0.927257, 0.118, 656234
488, 0.924783, 0.124, 657583
489, 0.971215, 0.127, 658931
490, 0.929021, 0.118, 660280
491, 0.903534, 0.117, 661628
492, 0.940029, 0.12, 662977
493, 0.931684, 0.12, 664325
494, 0.932665, 0.118, 665673
495, 0.972629, 0.129, 667022
496, 0.972334, 0.119, 668370
497, 0.968918, 0.128, 669719
498, 0.937854, 0.124, 671067
499, 0.944544, 0.123, 672416
500, 0.935166, 0.122, 673764
501, 0.894472, 0.116, 675113
502, 0.921718, 0.12, 676461
503, 0.952449, 0.129, 677809
504, 0.962458, 0.13, 679158
505, 0.996625, 0.134, 680506
506, 0.961682, 0.124, 681855
507, 0.968036, 0.135, 683203
508, 0.95519, 0.133, 684551
509, 0.938263, 0.129, 685900
510, 0.94794, 0.125, 687248
511, 0.954634, 0.127, 688597
512, 0.929975, 0.124, 689945
513, 0.943888, 0.129, 691294
514, 0.897092, 0.117, 692642
515, 0.944047, 0.119, 693991
516, 0.92404, 0.119, 695339
517, 0.9189, 0.119, 696688
518, 0.89981, 0.109, 698036
519, 0.901343, 0.114, 699385
520, 0.898423, 0.115, 700733
521, 0.884551, 0.114, 702082
522, 0.911041, 0.113, 703430
523, 0.88871, 0.12, 704779
524, 0.881626, 0.118, 706127
525, 0.878543, 0.115, 707476
526, 0.911174, 0.121, 708825
527, 0.939912, 0.122, 710174
528, 0.93689, 0.117, 711522
529, 0.941128, 0.123, 712871
530, 0.941158, 0.122, 714219
531, 0.935122, 0.115, 715568
532, 0.916563, 0.117, 716916
533, 0.925317, 0.122, 718265
534, 0.937909, 0.126, 719613
535, 0.940978, 0.119, 720961
536, 0.922495, 0.113, 722309
537, 0.881848, 0.113, 723658
538, 0.891307, 0.11, 725006
539, 0.893434, 0.113, 726355
540, 0.913822, 0.113, 727703
541, 0.907386, 0.114, 729052
542, 0.907944, 0.112, 730400
543, 0.895357, 0.116, 731748
544, 0.891385, 0.116, 733097
545, 0.860121, 0.111, 734445
546, 0.899285, 0.118, 735794
547, 0.893278, 0.114, 737142
548, 0.895657, 0.119, 738491
549, 0.96503, 0.115, 739839
550, 0.948197, 0.117, 741187
551, 0.907448, 0.117, 742536
552, 0.990991, 0.129, 743884
553, 0.968547, 0.129, 745232
554, 0.972314, 0.118, 746581
555, 0.956173, 0.118, 747929
556, 0.952422, 0.123, 749278
557, 0.95898, 0.12, 750626
558, 0.942704, 0.116, 751975
559, 0.947904, 0.119, 753323
560, 0.909661, 0.114, 754671
561, 0.892132, 0.114, 756020
562, 0.914326, 0.116, 757368
563, 0.908672, 0.117, 758717
564, 0.918675, 0.118, 760065
565, 0.93514, 0.125, 761413
566, 0.917773, 0.122, 762762
567, 0.924504, 0.121, 764113
568, 0.929483, 0.122, 765461
569, 0.947297, 0.126, 766809
570, 1.0231, 0.136, 768158
571, 0.996745, 0.131, 769507
572, 0.992228, 0.128, 770856
573, 0.968974, 0.124, 772205
574, 0.977265, 0.124, 773553
575, 0.955255, 0.121, 774902
576, 0.971463, 0.121, 776250
577, 0.98222, 0.128, 777599
578, 0.987455, 0.133, 778947
579, 0.968388, 0.129, 780296
580, 0.961816, 0.128, 781644
581, 0.970429, 0.13, 782993
582, 1.00655, 0.138, 784342
583, 0.994507, 0.131, 785690
584, 1.02859, 0.133, 787038
585, 1.0142, 0.132, 788387
586, 1.00782, 0.137, 789735
587, 0.989924, 0.133, 791084
588, 1.04432, 0.135, 792432
589, 1.02813, 0.14, 793781
590, 1.04461, 0.138, 795130
591, 1.04114, 0.14, 796478
592, 1.03129, 0.138, 797826
593, 1.05621, 0.136, 799175
594, 1.0483, 0.136, 800523
595, 1.08345, 0.146, 801872
596, 1.09268, 0.144, 803220
597, 1.06955, 0.138, 804568
598, 1.09107, 0.141, 805917
599, 1.13184, 0.146, 807265
600, 1.09884, 0.151, 808613
601, 1.10103, 0.144, 809962
602, 1.05491, 0.136, 811310
603, 1.04487, 0.137, 812659
604, 1.07491, 0.133, 814007
605, 1.06335, 0.135, 815356
606, 1.07726, 0.136, 816704
607, 1.05961, 0.136, 818053
608, 1.05563, 0.139, 819401
609, 1.06164, 0.136, 820749
610, 1.09471, 0.137, 822098
611, 1.09223, 0.136, 823446
612, 1.10004, 0.138, 824795
613, 1.06554, 0.137, 826143
614, 1.02673, 0.132, 827492
615, 1.03119, 0.133, 828841
616, 0.999138, 0.13, 830189
617, 1.00747, 0.138, 831538
618, 1.01011, 0.129, 832886
619, 1.05013, 0.138, 834235
620, 1.0345, 0.135, 835583
621, 1.01149, 0.132, 836932
622, 1.01208, 0.137, 838280
623, 1.02223, 0.132, 839629
624, 1.06781, 0.138, 840977
625, 1.08555, 0.145, 842326
626, 1.12986, 0.151, 843674
627, 1.22168, 0.17, 845022
628, 1.17297, 0.164, 846371
629, 1.13365, 0.159, 847719
630, 1.11434, 0.162, 849068
631, 1.12292, 0.16, 850416
632, 1.11661, 0.155, 851764
633, 1.13676, 0.166, 853113
634, 1.11829, 0.161, 854461
635, 1.09814, 0.158, 855810
636, 1.09421, 0.157, 857158
637, 1.04219, 0.147, 858507
638, 1.27047, 0.183, 859855
639, 1.20653, 0.175, 861204
640, 1.22629, 0.177, 862552
641, 1.17795, 0.172, 863901
642, 1.2261, 0.182, 865249
643, 1.20909, 0.165, 866597
644, 1.2447, 0.177, 867946
645, 1.22499, 0.17, 869295
646, 1.25192, 0.176, 870643
647, 1.24367, 0.181, 871991
648, 1.23876, 0.181, 873340
649, 1.23616, 0.18, 874688
650, 1.23325, 0.185, 876037
651, 1.20881, 0.182, 877385
652, 1.20346, 0.185, 878733
653, 1.20183, 0.185, 880081
654, 1.20405, 0.186, 881430
655, 1.2211, 0.184, 882778
656, 1.20036, 0.179, 884127
657, 1.21577, 0.184, 885475
658, 1.21855, 0.189, 886823
659, 1.20513, 0.182, 888172
660, 1.18661, 0.175, 889521
661, 1.20424, 0.18, 890869
662, 1.21033, 0.184, 892218
663, 1.19289, 0.184, 893566
664, 1.19528, 0.183, 894914
665, 1.18309, 0.181, 896263
666, 1.18226, 0.182, 897611
667, 1.17051, 0.182, 898959
668, 1.16793, 0.175, 900307
669, 1.16407, 0.186, 901656
670, 1.19132, 0.182, 903004
671, 1.18574, 0.186, 904352
672, 1.21088, 0.182, 905703
673, 1.21638, 0.184, 907051
674, 1.22257, 0.185, 908400
675, 1.25424, 0.196, 909748
676, 1.27217, 0.2, 911096
677, 1.28039, 0.201, 912445
678, 1.26359, 0.198, 913793
679, 1.26049, 0.202, 915141
680, 1.27581, 0.199, 916489
681, 1.21548, 0.19, 917838
682, 1.24808, 0.195, 919186
683, 1.23371, 0.202, 920534
684, 1.24029, 0.199, 921883
685, 1.26115, 0.201, 923231
686, 1.2597, 0.2, 924580
687, 1.24416, 0.202, 925928
688, 1.23653, 0.2, 927276
689, 1.2597, 0.201, 928625
690, 1.26835, 0.201, 929973
691, 1.23982, 0.195, 931321
692, 1.24585, 0.202, 932669
693, 1.26342, 0.21, 934018
694, 1.23094, 0.207, 935367
695, 1.24718, 0.203, 936715
696, 1.24037, 0.203, 938063
697, 1.2868, 0.207, 939412
698, 1.23393, 0.207, 940760
699, 1.19862, 0.208, 942109
700, 1.21317, 0.212, 943457
701, 1.24998, 0.206, 944805
702, 1.24564, 0.209, 946154
703, 1.25711, 0.21, 947502
704, 1.2387, 0.199, 948852
705, 1.23491, 0.204, 950201
706, 1.21993, 0.204, 951549
707, 1.24028, 0.206, 952897
708, 1.22763, 0.202, 954246
709, 1.22089, 0.203, 955594
710, 1.21312, 0.192, 956942
711, 1.18396, 0.196, 958291
712, 1.19574, 0.2, 959639
713, 1.18264, 0.196, 960988
714, 1.18039, 0.196, 962336
715, 1.21056, 0.2, 963685
716, 1.20717, 0.198, 965033
717, 1.24411, 0.194, 966382
718, 1.24594, 0.195, 967730
719, 1.22514, 0.2, 969079
720, 1.23079, 0.201, 970427
721, 1.2, 0.195, 971776
722, 1.19805, 0.197, 973124
723, 1.21436, 0.198, 974472
724, 1.21166, 0.191, 975821
725, 1.19723, 0.187, 977169
726, 1.21587, 0.192, 978518
727, 1.2003, 0.189, 979866
728, 1.20823, 0.192, 981215
729, 1.18592, 0.186, 982563
730, 1.17765, 0.184, 983912
731, 1.21401, 0.186, 985260
732, 1.20245, 0.184, 986609
733, 1.20071, 0.19, 987957
734, 1.20773, 0.178, 989306
735, 1.20945, 0.184, 990654
736, 1.19926, 0.185, 992003
737, 1.19472, 0.19, 993351
738, 1.20353, 0.188, 994706
739, 1.19353, 0.185, 996055
740, 1.1843, 0.18, 997403
741, 1.17554, 0.179, 998752
742, 1.19025, 0.175, 1000100
743, 1.16905, 0.185, 1001448
744, 1.22052, 0.189, 1002797
745, 1.20619, 0.184, 1004146
746, 1.19489, 0.183, 1005494
747, 1.18788, 0.182, 1006842
748, 1.21324, 0.186, 1008191
749, 1.19943, 0.186, 1009540
750, 1.24451, 0.19, 1010888
751, 1.22313, 0.184, 1012237
752, 1.24928, 0.185, 1013585
753, 1.23436, 0.188, 1014934
754, 1.23587, 0.185, 1016282
755, 1.22995, 0.183, 1017631
756, 1.23623, 0.181, 1018979
757, 1.25672, 0.186, 1020327
758, 1.23676, 0.182, 1021676
759, 1.21386, 0.184, 1023024
760, 1.24919, 0.196, 1024373
761, 1.19883, 0.194, 1025721
762, 1.23829, 0.198, 1027070
763, 1.23522, 0.196, 1028418
764, 1.24446, 0.196, 1029767
765, 1.22972, 0.197, 1031115
766, 1.22487, 0.195, 1032463
767, 1.21414, 0.193, 1033812
768, 1.20535, 0.19, 1035160
769, 1.21401, 0.195, 1036509
770, 1.20853, 0.184, 1037857
771, 1.23363, 0.19, 1039206
772, 1.21177, 0.19, 1040554
773, 1.24302, 0.189, 1041903
774, 1.21974, 0.188, 1043251
775, 1.22895, 0.186, 1044600
776, 1.18727, 0.181, 1045948
777, 1.19843, 0.173, 1047297
778, 1.19831, 0.174, 1048645
779, 1.19781, 0.172, 1049993
780, 1.20893, 0.169, 1051342
781, 1.25865, 0.179, 1052690
782, 1.2267, 0.174, 1054044
783, 1.21595, 0.177, 1055392
784, 1.23455, 0.183, 1056741
785, 1.19929, 0.179, 1058089
786, 1.20641, 0.178, 1059437
787, 1.25865, 0.189, 1060786
788, 1.21927, 0.183, 1062134
789, 1.22913, 0.184, 1063483
790, 1.23487, 0.187, 1064831
791, 1.19652, 0.188, 1066180
792, 1.19609, 0.187, 1067528
793, 1.21338, 0.178, 1068877
794, 1.24377, 0.183, 1070225
795, 1.24968, 0.186, 1071574
796, 1.24341, 0.187, 1072922
797, 1.1944, 0.182, 1074271
798, 1.22802, 0.188, 1075619
799, 1.18685, 0.188, 1076968
800, 1.18554, 0.174, 1078316
801, 1.1666, 0.169, 1079664
802, 1.18354, 0.179, 1081013
803, 1.20656, 0.177, 1082362
804, 1.20508, 0.175, 1083710
805, 1.14895, 0.175, 1085059
806, 1.1555, 0.178, 1086407
807, 1.17862, 0.174, 1087756
808, 1.1504, 0.175, 1089104
809, 1.14503, 0.17, 1090453
810, 1.1723, 0.175, 1091801
811, 1.18136, 0.175, 1093150
812, 1.16626, 0.179, 1094498
813, 1.18331, 0.18, 1095847
814, 1.18503, 0.178, 1097195
815, 1.15217, 0.18, 1098544
816, 1.16784, 0.184, 1099892
817, 1.21054, 0.188, 1101241
818, 1.1838, 0.186, 1102589
819, 1.18077, 0.189, 1103938
820, 1.19881, 0.182, 1105286
821, 1.17739, 0.187, 1106635
822, 1.24404, 0.193, 1107983
823, 1.23977, 0.189, 1109332
824, 1.22825, 0.182, 1110680
825, 1.2283, 0.181, 1112029
826, 1.21789, 0.179, 1113378
827, 1.27768, 0.192, 1114726
828, 1.2469, 0.181, 1116074
829, 1.17108, 0.172, 1117423
830, 1.26002, 0.177, 1118771
831, 1.22851, 0.179, 1120120
832, 1.19232, 0.179, 1121469
833, 1.21641, 0.175, 1122817
834, 1.16153, 0.167, 1124166
835, 1.12187, 0.16, 1125514
836, 1.13616, 0.16, 1126863
837, 1.20522, 0.169, 1128212
838, 1.21284, 0.167, 1129561
839, 1.16937, 0.166, 1130910
840, 1.20809, 0.173, 1132258
841, 1.19557, 0.174, 1133606
842, 1.22351, 0.175, 1134955
843, 1.16674, 0.179, 1136304
844, 1.20102, 0.178, 1137652
845, 1.22987, 0.184, 1139000
846, 1.19318, 0.169, 1140349
847, 1.13696, 0.161, 1141697
848, 1.1694, 0.161, 1143045
849, 1.14684, 0.165, 1144394
850, 1.22201, 0.178, 1145742
851, 1.24192, 0.183, 1147091
852, 1.21762, 0.183, 1148439
853, 1.178, 0.182, 1149787
854, 1.15895, 0.183, 1151136
855, 1.15521, 0.18, 1152484
856, 1.17417, 0.187, 1153833
857, 1.20642, 0.191, 1155182
858, 1.21073, 0.188, 1156530
859, 1.19979, 0.192, 1157878
860, 1.20186, 0.186, 1159227
861, 1.20439, 0.183, 1160575
862, 1.22837, 0.187, 1161924
863, 1.24825, 0.186, 1163273
864, 1.27501, 0.189, 1164621
865, 1.27537, 0.182, 1165969
866, 1.21239, 0.177, 1167318
867, 1.17603, 0.176, 1168666
868, 1.22698, 0.182, 1170015
869, 1.21025, 0.181, 1171363
870, 1.2146, 0.176, 1172712
871, 1.21296, 0.177, 1174060
872, 1.20199, 0.177, 1175409
873, 1.15978, 0.174, 1176757
874, 1.18457, 0.179, 1178105
875, 1.16976, 0.179, 1179454
876, 1.18302, 0.176, 1180802
877, 1.16745, 0.178, 1182151
878, 1.1597, 0.18, 1183499
879, 1.17634, 0.179, 1184848
880, 1.19152, 0.191, 1186196
881, 1.16419, 0.185, 1187545
882, 1.19255, 0.19, 1188894
883, 1.18724, 0.184, 1190243
884, 1.17298, 0.189, 1191591
885, 1.20938, 0.189, 1192940
886, 1.2088, 0.187, 1194288
887, 1.2015, 0.187, 1195637
888, 1.27757, 0.195, 1196985
889, 1.23363, 0.176, 1198334
890, 1.19585, 0.168, 1199682
891, 1.15695, 0.17, 1201031
892, 1.13266, 0.165, 1202379
893, 1.14242, 0.175, 1203728
894, 1.13501, 0.169, 1205076
895, 1.13567, 0.17, 1206425
896, 1.12226, 0.172, 1207773
897, 1.12223, 0.168, 1209122
898, 1.11385, 0.169, 1210470
899, 1.08558, 0.17, 1211818
900, 1.0546, 0.171, 1213167
901, 1.05137, 0.175, 1214515
902, 1.04289, 0.17, 1215864
903, 1.03552, 0.165, 1217212
904, 1.07039, 0.165, 1218561
905, 1.05901, 0.166, 1219909
906, 1.08597, 0.169, 1221258
907, 1.10558, 0.168, 1222606
908, 1.09819, 0.164, 1223954
909, 1.10781, 0.171, 1225303
910, 1.07553, 0.167, 1226651
911, 1.3021, 0.178, 1227999
912, 1.21769, 0.169, 1229348
913, 1.15491, 0.162, 1230696
914, 1.14333, 0.161, 1232044
915, 1.12712, 0.162, 1233392
916, 1.09678, 0.16, 1234740
917, 1.10944, 0.162, 1236089
918, 1.11793, 0.159, 1237437
919, 1.12696, 0.16, 1238785
920, 1.12688, 0.16, 1240134
921, 1.11461, 0.157, 1241482
922, 1.11199, 0.157, 1242830
923, 1.12945, 0.163, 1244179
924, 1.11537, 0.167, 1245527
925, 1.12849, 0.161, 1246875
926, 1.1137, 0.157, 1248224
927, 1.11407, 0.159, 1249572
928, 1.0987, 0.159, 1250919
929, 1.11322, 0.161, 1252266
930, 1.12246, 0.161, 1253612
931, 1.11518, 0.161, 1254959
932, 1.15554, 0.167, 1256306
933, 1.13984, 0.165, 1257653
934, 1.11338, 0.159, 1259000
935, 1.09989, 0.173, 1260347
936, 1.08893, 0.164, 1261694
937, 1.0977, 0.169, 1263041
938, 1.10632, 0.164, 1264388
939, 1.13339, 0.165, 1265735
940, 1.14757, 0.16, 1267082
941, 1.14734, 0.157, 1268428
942, 1.14967, 0.159, 1269776
943, 1.13465, 0.158, 1271123
944, 1.10455, 0.15, 1272469
945, 1.09819, 0.154, 1273817
946, 1.09056, 0.155, 1275164
947, 1.06234, 0.151, 1276510
948, 1.05588, 0.148, 1277857
949, 1.05253, 0.154, 1279204
950, 1.053, 0.154, 1280551
951, 1.07115, 0.16, 1281898
952, 1.1304, 0.162, 1283245
953, 1.11012, 0.161, 1284592
954, 1.09765, 0.163, 1285939
955, 1.12436, 0.162, 1287286
956, 1.14183, 0.161, 1288632
957, 1.15316, 0.161, 1289979
958, 1.15284, 0.165, 1291326
959, 1.15105, 0.169, 1292673
960, 1.17415, 0.167, 1294020
961, 1.1381, 0.16, 1295367
962, 1.11439, 0.154, 1296714
963, 1.11103, 0.152, 1298061
964, 1.10662, 0.151, 1299408
965, 1.11561, 0.153, 1300754
966, 1.16854, 0.158, 1302101
967, 1.17565, 0.161, 1303449
968, 1.15217, 0.151, 1304796
969, 1.15616, 0.15, 1306142
970, 1.17043, 0.153, 1307490
971, 1.19418, 0.164, 1308837
972, 1.19078, 0.16, 1310184
973, 1.20709, 0.163, 1311532
974, 1.21487, 0.169, 1312878
975, 1.20357, 0.164, 1314225
976, 1.17075, 0.164, 1315572
977, 1.21852, 0.169, 1316919
978, 1.22499, 0.175, 1318266
979, 1.21316, 0.168, 1319613
980, 1.19805, 0.167, 1320960
981, 1.19351, 0.171, 1322307
982, 1.18585, 0.163, 1323654
983, 1.16925, 0.16, 1325001
984, 1.15634, 0.163, 1326348
985, 1.16425, 0.163, 1327695
986, 1.16048, 0.17, 1329042
987, 1.19959, 0.164, 1330389
988, 1.16191, 0.166, 1331736
989, 1.18359, 0.169, 1333083
990, 1.19005, 0.166, 1334430
991, 1.21183, 0.18, 1335777
992, 1.2039, 0.188, 1337124
993, 1.23149, 0.181, 1338471
994, 1.21622, 0.178, 1339818
995, 1.20475, 0.175, 1341165
996, 1.17524, 0.172, 1342512
997, 1.18722, 0.164, 1343859
998, 1.16808, 0.169, 1345206
999, 1.14722, 0.161, 1346552
1000, 1.15066, 0.159, 1347899
