epoch, cross_entropy, error, time
1, 25.4114, 0.864, 1220
2, 8.91151, 0.789, 2466
3, 6.51193, 0.607, 3714
4, 5.295, 0.56, 4961
5, 4.65867, 0.513, 6208
6, 4.16785, 0.502, 7456
7, 3.64123, 0.464, 8704
8, 3.74137, 0.477, 9951
9, 3.47983, 0.49, 11199
10, 3.56189, 0.499, 12446
11, 3.60031, 0.503, 13693
12, 3.01355, 0.447, 14941
13, 3.02857, 0.44, 16188
14, 2.75488, 0.425, 17435
15, 2.72064, 0.416, 18682
16, 2.6181, 0.413, 19929
17, 2.44277, 0.386, 21176
18, 2.5846, 0.41, 22422
19, 2.49152, 0.408, 23669
20, 2.30259, 0.367, 24916
21, 2.13194, 0.347, 26162
22, 2.27366, 0.386, 27409
23, 2.18298, 0.385, 28656
24, 2.19366, 0.367, 29902
25, 2.18189, 0.364, 31149
26, 2.07276, 0.341, 32396
27, 2.39356, 0.366, 33643
28, 2.26155, 0.37, 34889
29, 2.20047, 0.367, 36136
30, 2.05058, 0.368, 37383
31, 2.05073, 0.348, 38629
32, 2.07307, 0.336, 39876
33, 1.89989, 0.331, 41135
34, 2.03756, 0.337, 42381
35, 2.12648, 0.341, 43628
36, 1.99623, 0.334, 44875
37, 2.00716, 0.329, 46122
38, 2.01129, 0.33, 47369
39, 1.96874, 0.315, 48615
40, 2.06715, 0.338, 49862
41, 1.99851, 0.327, 51109
42, 1.93917, 0.314, 52356
43, 1.85238, 0.3, 53603
44, 1.71276, 0.285, 54849
45, 1.62048, 0.265, 56096
46, 1.56612, 0.251, 57343
47, 1.71428, 0.296, 58590
48, 1.67278, 0.289, 59836
49, 1.71237, 0.292, 61083
50, 1.63119, 0.285, 62330
51, 1.57441, 0.266, 63576
52, 1.59048, 0.267, 64823
53, 1.60279, 0.277, 66070
54, 1.57542, 0.266, 67317
55, 1.48753, 0.259, 68564
56, 1.42794, 0.241, 69810
57, 1.44676, 0.241, 71057
58, 1.44486, 0.24, 72304
59, 1.44357, 0.238, 73551
60, 1.39929, 0.225, 74797
61, 1.4187, 0.237, 76044
62, 1.47016, 0.251, 77291
63, 1.53584, 0.271, 78538
64, 1.47195, 0.257, 79784
65, 1.43372, 0.248, 81031
66, 1.47236, 0.253, 82278
67, 1.37339, 0.243, 83524
68, 1.31677, 0.217, 84771
69, 1.36889, 0.238, 86018
70, 1.4218, 0.264, 87264
71, 1.36308, 0.252, 88511
72, 1.32429, 0.245, 89758
73, 1.34915, 0.23, 91004
74, 1.3112, 0.218, 92251
75, 1.2476, 0.205, 93498
76, 1.24507, 0.212, 94745
77, 1.20742, 0.22, 95991
78, 1.1762, 0.224, 97238
79, 1.12868, 0.207, 98485
80, 1.09811, 0.197, 99732
81, 1.07642, 0.192, 100979
82, 1.07283, 0.196, 102226
83, 1.14028, 0.205, 103472
84, 1.18617, 0.203, 104719
85, 1.20115, 0.211, 105966
86, 1.19399, 0.203, 107212
87, 1.27467, 0.202, 108459
88, 1.31098, 0.199, 109706
89, 1.28738, 0.199, 110952
90, 1.22801, 0.196, 112199
91, 1.2056, 0.194, 113445
92, 1.13395, 0.183, 114692
93, 1.13047, 0.187, 115939
94, 1.13229, 0.18, 117186
95, 1.11401, 0.187, 118432
96, 1.07699, 0.175, 119679
97, 1.07155, 0.184, 120926
98, 1.18175, 0.197, 122173
99, 1.14101, 0.189, 123419
100, 1.09328, 0.182, 124666
101, 1.13765, 0.195, 125913
102, 1.08599, 0.189, 127160
103, 1.04399, 0.184, 128406
104, 1.1781, 0.212, 129653
105, 1.14114, 0.212, 130900
106, 1.11098, 0.201, 132147
107, 1.11534, 0.194, 133394
108, 1.14745, 0.191, 134641
109, 1.04622, 0.18, 135888
110, 1.00803, 0.182, 137134
111, 1.02529, 0.181, 138381
112, 1.01709, 0.174, 139628
113, 1.0056, 0.171, 140875
114, 0.984378, 0.167, 142122
115, 1.00386, 0.171, 143368
116, 1.0403, 0.174, 144615
117, 1.2487, 0.222, 145862
118, 1.20901, 0.228, 147108
119, 1.19894, 0.202, 148355
120, 1.15937, 0.2, 149602
121, 1.09438, 0.184, 150849
122, 1.11169, 0.184, 152095
123, 1.09923, 0.182, 153342
124, 1.15406, 0.212, 154589
125, 1.16437, 0.217, 155835
126, 1.17651, 0.206, 157082
127, 1.14372, 0.211, 158329
128, 1.10572, 0.21, 159576
129, 1.08869, 0.194, 160823
130, 1.08191, 0.203, 162070
131, 1.07805, 0.194, 163317
132, 1.07373, 0.187, 164563
133, 1.05541, 0.187, 165810
134, 1.05303, 0.183, 167057
135, 1.0543, 0.183, 168304
136, 1.03567, 0.161, 169550
137, 1.0206, 0.154, 170797
138, 1.01337, 0.147, 172044
139, 0.984416, 0.152, 173290
140, 0.969022, 0.155, 174537
141, 0.97037, 0.16, 175784
142, 1.00065, 0.17, 177031
143, 0.976985, 0.169, 178278
144, 0.976291, 0.168, 179524
145, 0.973387, 0.158, 180771
146, 0.965094, 0.158, 182017
147, 0.99207, 0.167, 183264
148, 0.957, 0.161, 184511
149, 0.933684, 0.162, 185757
150, 0.917912, 0.151, 187004
151, 0.895581, 0.147, 188251
152, 0.883965, 0.148, 189497
153, 0.888248, 0.15, 190744
154, 0.913399, 0.15, 191991
155, 0.893547, 0.146, 193237
156, 0.888852, 0.15, 194484
157, 0.877075, 0.15, 195730
158, 0.856368, 0.145, 196977
159, 0.841843, 0.134, 198224
160, 0.84565, 0.141, 199470
161, 0.855195, 0.14, 200717
162, 0.875174, 0.14, 201964
163, 0.856789, 0.139, 203210
164, 0.837633, 0.134, 204457
165, 0.853552, 0.135, 205703
166, 0.840428, 0.132, 206950
167, 0.851427, 0.14, 208197
168, 0.847084, 0.143, 209443
169, 0.849661, 0.14, 210690
170, 0.840285, 0.131, 211936
171, 0.819398, 0.133, 213183
172, 0.795511, 0.135, 214429
173, 0.793306, 0.133, 215676
174, 0.805322, 0.135, 216923
175, 0.828484, 0.136, 218169
176, 0.811767, 0.131, 219416
177, 0.816762, 0.141, 220663
178, 0.845386, 0.141, 221910
179, 0.928958, 0.148, 223157
180, 0.966846, 0.159, 224403
181, 0.911774, 0.155, 225650
182, 0.846941, 0.129, 226897
183, 0.809906, 0.127, 228143
184, 0.833939, 0.138, 229390
185, 0.861297, 0.136, 230636
186, 0.861146, 0.137, 231883
187, 0.840156, 0.127, 233130
188, 0.820913, 0.124, 234376
189, 0.837099, 0.128, 235623
190, 0.834635, 0.128, 236869
191, 0.837787, 0.127, 238116
192, 0.826185, 0.126, 239362
193, 0.821368, 0.13, 240609
194, 0.852508, 0.135, 241855
195, 0.876366, 0.142, 243102
196, 0.863918, 0.138, 244348
197, 0.804092, 0.135, 245595
198, 0.767397, 0.121, 246841
199, 0.817962, 0.145, 248088
200, 0.776878, 0.127, 249334
201, 0.751942, 0.123, 250581
202, 0.776872, 0.129, 251828
203, 0.776963, 0.119, 253074
204, 0.756243, 0.121, 254321
205, 0.740948, 0.117, 255567
206, 0.744053, 0.117, 256814
207, 0.726972, 0.116, 258061
208, 0.718629, 0.116, 259307
209, 0.710875, 0.112, 260554
210, 0.754889, 0.125, 261801
211, 0.817865, 0.132, 263047
212, 0.817249, 0.129, 264294
213, 0.84122, 0.138, 265541
214, 0.81272, 0.137, 266787
215, 0.795922, 0.134, 268034
216, 0.785699, 0.132, 269280
217, 0.795426, 0.135, 270527
218, 0.798398, 0.138, 271774
219, 0.791736, 0.139, 273021
220, 0.785953, 0.132, 274267
221, 0.76291, 0.123, 275514
222, 0.77991, 0.133, 276760
223, 0.786137, 0.135, 278007
224, 0.782133, 0.134, 279254
225, 0.767224, 0.132, 280501
226, 0.850191, 0.121, 281748
227, 0.841276, 0.126, 282994
228, 0.826381, 0.122, 284241
229, 0.818691, 0.124, 285488
230, 0.768999, 0.115, 286734
231, 0.789412, 0.123, 287981
232, 0.821988, 0.122, 289227
233, 0.801014, 0.123, 290474
234, 0.76543, 0.113, 291720
235, 0.74856, 0.115, 292967
236, 0.738268, 0.114, 294214
237, 0.713587, 0.108, 295461
238, 0.71426, 0.107, 296707
239, 0.745245, 0.113, 297954
240, 0.790364, 0.12, 299200
241, 0.821516, 0.135, 300447
242, 0.814077, 0.142, 301694
243, 0.80599, 0.136, 302940
244, 0.794779, 0.134, 304187
245, 0.793642, 0.129, 305434
246, 0.797993, 0.13, 306681
247, 0.758889, 0.111, 307927
248, 0.777354, 0.117, 309174
249, 0.769794, 0.114, 310421
250, 0.750072, 0.112, 311668
251, 0.751779, 0.1, 312914
252, 0.743459, 0.107, 314161
253, 0.73755, 0.111, 315408
254, 1.02141, 0.146, 316654
255, 1.04602, 0.171, 317901
256, 0.992129, 0.151, 319148
257, 0.961407, 0.143, 320395
258, 0.924885, 0.142, 321641
259, 0.871547, 0.135, 322888
260, 0.849595, 0.131, 324135
261, 0.826583, 0.131, 325381
262, 0.852335, 0.141, 326628
263, 0.854947, 0.145, 327887
264, 0.838351, 0.142, 329134
265, 0.805159, 0.137, 330380
266, 0.794048, 0.136, 331627
267, 0.848343, 0.134, 332874
268, 0.887599, 0.149, 334121
269, 0.859593, 0.137, 335367
270, 0.871328, 0.144, 336614
271, 0.86095, 0.135, 337861
272, 0.857646, 0.133, 339108
273, 0.885749, 0.145, 340355
274, 0.949692, 0.138, 341602
275, 0.981317, 0.148, 342849
276, 0.930196, 0.135, 344095
277, 0.907237, 0.133, 345342
278, 0.89857, 0.137, 346589
279, 0.861267, 0.132, 347835
280, 0.833441, 0.127, 349082
281, 0.829936, 0.13, 350329
282, 0.819858, 0.127, 351576
283, 0.799512, 0.127, 352822
284, 0.773137, 0.123, 354069
285, 0.795479, 0.131, 355315
286, 0.82541, 0.125, 356562
287, 0.815109, 0.128, 357809
288, 0.827401, 0.127, 359055
289, 0.801188, 0.12, 360302
290, 0.79908, 0.117, 361549
291, 0.795203, 0.117, 362797
292, 0.812212, 0.12, 364044
293, 0.80435, 0.123, 365291
294, 0.790468, 0.121, 366538
295, 0.770404, 0.12, 367785
296, 0.760109, 0.121, 369033
297, 0.745224, 0.116, 370280
298, 0.753577, 0.12, 371528
299, 0.765771, 0.124, 372776
300, 0.757025, 0.119, 374023
301, 0.749938, 0.124, 375270
302, 0.735067, 0.117, 376517
303, 0.745087, 0.118, 377764
304, 0.732206, 0.113, 379011
305, 0.726369, 0.119, 380258
306, 0.727249, 0.114, 381505
307, 0.729409, 0.116, 382752
308, 0.711691, 0.109, 383999
309, 0.720757, 0.112, 385246
310, 0.721172, 0.109, 386493
311, 0.719177, 0.109, 387740
312, 0.709278, 0.11, 388987
313, 0.693417, 0.103, 390235
314, 0.678814, 0.097, 391482
315, 0.670596, 0.102, 392729
316, 0.755909, 0.124, 393976
317, 0.75927, 0.119, 395223
318, 0.756119, 0.121, 396471
319, 0.737725, 0.121, 397718
320, 0.783968, 0.125, 398965
321, 0.810622, 0.125, 400215
322, 0.782385, 0.118, 401462
323, 0.76356, 0.122, 402709
324, 0.742089, 0.118, 403956
325, 0.729637, 0.117, 405204
326, 0.736891, 0.114, 406451
327, 0.737993, 0.118, 407699
328, 0.718928, 0.115, 408946
329, 0.779682, 0.127, 410193
330, 0.790915, 0.128, 411441
331, 0.806321, 0.138, 412688
332, 0.772326, 0.135, 413936
333, 0.760939, 0.125, 415183
334, 0.798868, 0.125, 416430
335, 0.779481, 0.123, 417678
336, 0.755217, 0.114, 418925
337, 0.753098, 0.121, 420172
338, 0.750354, 0.115, 421419
339, 0.766392, 0.123, 422667
340, 0.774133, 0.13, 423914
341, 0.782524, 0.123, 425161
342, 0.775699, 0.119, 426409
343, 0.772476, 0.126, 427656
344, 0.798805, 0.121, 428904
345, 0.79466, 0.123, 430151
346, 0.793271, 0.128, 431399
347, 0.772342, 0.13, 432646
348, 0.771736, 0.128, 433894
349, 0.755335, 0.128, 435141
350, 0.776864, 0.121, 436389
351, 0.784445, 0.133, 437636
352, 0.778725, 0.133, 438884
353, 0.768102, 0.136, 440131
354, 0.750911, 0.128, 441379
355, 0.755785, 0.13, 442626
356, 0.755648, 0.123, 443874
357, 0.728673, 0.125, 445121
358, 0.721132, 0.123, 446368
359, 0.711748, 0.121, 447616
360, 0.723638, 0.119, 448863
361, 0.791684, 0.135, 450110
362, 0.783194, 0.133, 451358
363, 0.765919, 0.127, 452605
364, 0.755305, 0.121, 453853
365, 0.766413, 0.127, 455100
366, 0.751193, 0.118, 456347
367, 0.735239, 0.116, 457595
368, 0.726999, 0.117, 458841
369, 0.713339, 0.112, 460088
370, 0.708834, 0.115, 461334
371, 0.702462, 0.114, 462580
372, 0.711377, 0.12, 463826
373, 0.706085, 0.115, 465072
374, 0.700374, 0.112, 466319
375, 0.692949, 0.114, 467565
376, 0.722209, 0.122, 468811
377, 0.756954, 0.136, 470057
378, 0.734457, 0.128, 471303
379, 0.729277, 0.123, 472549
380, 0.752784, 0.13, 473796
381, 0.744223, 0.122, 475042
382, 0.733509, 0.121, 476288
383, 0.743071, 0.125, 477534
384, 0.748949, 0.128, 478780
385, 0.733115, 0.122, 480027
386, 0.725395, 0.116, 481273
387, 0.727718, 0.117, 482519
388, 0.726073, 0.12, 483765
389, 0.713754, 0.12, 485011
390, 0.704486, 0.114, 486257
391, 0.687544, 0.114, 487503
392, 0.674531, 0.108, 488750
393, 0.671248, 0.105, 489996
394, 0.662306, 0.106, 491242
395, 0.65421, 0.108, 492489
396, 0.651035, 0.108, 493735
397, 0.649851, 0.106, 494981
398, 0.636929, 0.106, 496227
399, 0.640665, 0.108, 497473
400, 0.631854, 0.101, 498720
401, 0.622636, 0.101, 499966
402, 0.61245, 0.101, 501212
403, 0.610303, 0.096, 502458
404, 0.604845, 0.099, 503705
405, 0.612503, 0.097, 504951
406, 0.613293, 0.104, 506197
407, 0.604702, 0.092, 507443
408, 0.602643, 0.095, 508689
409, 0.60416, 0.096, 509935
410, 0.601476, 0.096, 511181
411, 0.595272, 0.097, 512428
412, 0.591044, 0.101, 513674
413, 0.57475, 0.092, 514920
414, 0.57359, 0.092, 516166
415, 0.568448, 0.09, 517412
416, 0.556699, 0.089, 518658
417, 0.554635, 0.084, 519904
418, 0.547578, 0.087, 521151
419, 0.54343, 0.084, 522397
420, 0.540213, 0.083, 523643
421, 0.599995, 0.093, 524890
422, 0.594923, 0.092, 526135
423, 0.587025, 0.087, 527381
424, 0.581475, 0.09, 528627
425, 0.579104, 0.088, 529873
426, 0.571302, 0.088, 531119
427, 0.568776, 0.084, 532365
428, 0.599584, 0.091, 533611
429, 0.615332, 0.095, 534857
430, 0.639509, 0.104, 536103
431, 0.645971, 0.104, 537350
432, 0.643209, 0.104, 538595
433, 0.628803, 0.103, 539842
434, 0.652293, 0.102, 541088
435, 0.651369, 0.106, 542334
436, 0.652036, 0.106, 543580
437, 0.640123, 0.106, 544826
438, 0.647622, 0.104, 546072
439, 0.639292, 0.105, 547318
440, 0.630847, 0.105, 548564
441, 0.627836, 0.108, 549810
442, 0.634447, 0.108, 551056
443, 0.638471, 0.106, 552302
444, 0.630334, 0.105, 553548
445, 0.627791, 0.108, 554794
446, 0.624252, 0.108, 556040
447, 0.615722, 0.105, 557286
448, 0.608329, 0.102, 558533
449, 0.63959, 0.114, 559779
450, 0.634554, 0.114, 561025
451, 0.650901, 0.117, 562271
452, 0.645463, 0.111, 563517
453, 0.634624, 0.112, 564763
454, 0.620637, 0.112, 566009
455, 0.601871, 0.101, 567255
456, 0.592955, 0.103, 568501
457, 0.590514, 0.104, 569747
458, 0.580344, 0.104, 570994
459, 0.57355, 0.099, 572239
460, 0.57031, 0.098, 573486
461, 0.569028, 0.098, 574732
462, 0.598104, 0.104, 575978
463, 0.612255, 0.101, 577224
464, 0.602767, 0.099, 578470
465, 0.619331, 0.102, 579716
466, 0.64822, 0.105, 580963
467, 0.623219, 0.1, 582209
468, 0.616854, 0.098, 583455
469, 0.600106, 0.098, 584701
470, 0.626158, 0.101, 585947
471, 0.650577, 0.11, 587193
472, 0.648973, 0.105, 588439
473, 0.642334, 0.104, 589685
474, 0.637878, 0.109, 590931
475, 0.630857, 0.109, 592177
476, 0.63294, 0.109, 593424
477, 0.656911, 0.114, 594681
478, 0.645663, 0.113, 595927
479, 0.635903, 0.112, 597173
480, 0.622666, 0.106, 598419
481, 0.623063, 0.108, 599665
482, 0.628225, 0.108, 600911
483, 0.626684, 0.115, 602157
484, 0.668943, 0.111, 603403
485, 0.709903, 0.113, 604649
486, 0.757041, 0.114, 605895
487, 0.743774, 0.12, 607141
488, 0.722378, 0.114, 608387
489, 0.71315, 0.117, 609633
490, 0.708157, 0.117, 610879
491, 0.699528, 0.116, 612125
492, 0.695906, 0.119, 613371
493, 0.688808, 0.117, 614617
494, 0.687979, 0.114, 615863
495, 0.680064, 0.111, 617108
496, 0.667534, 0.109, 618354
497, 0.661184, 0.108, 619601
498, 0.67261, 0.111, 620846
499, 0.727819, 0.117, 622092
500, 0.749059, 0.116, 623338
501, 0.730552, 0.103, 624584
502, 0.701207, 0.098, 625830
503, 0.692621, 0.1, 627076
504, 0.679092, 0.101, 628322
505, 0.672784, 0.099, 629568
506, 0.67443, 0.096, 630813
507, 0.671423, 0.094, 632059
508, 0.67523, 0.098, 633305
509, 0.671429, 0.099, 634551
510, 0.678162, 0.092, 635797
511, 0.6598, 0.094, 637043
512, 0.660395, 0.097, 638289
513, 0.650733, 0.094, 639535
514, 0.640674, 0.096, 640782
515, 0.622983, 0.093, 642028
516, 0.627704, 0.096, 643274
517, 0.624135, 0.097, 644520
518, 0.615351, 0.093, 645766
519, 0.616676, 0.094, 647021
520, 0.612622, 0.095, 648267
521, 0.607763, 0.094, 649515
522, 0.606221, 0.095, 650761
523, 0.600755, 0.091, 652007
524, 0.613367, 0.09, 653253
525, 0.616655, 0.084, 654499
526, 0.608743, 0.086, 655745
527, 0.601317, 0.083, 656991
528, 0.583696, 0.082, 658237
529, 0.584961, 0.082, 659483
530, 0.600598, 0.081, 660729
531, 0.587832, 0.081, 661975
532, 0.583793, 0.087, 663221
533, 0.565452, 0.082, 664467
534, 0.556799, 0.082, 665713
535, 0.551295, 0.081, 666959
536, 0.558489, 0.085, 668205
537, 0.570836, 0.082, 669451
538, 0.658122, 0.1, 670697
539, 0.650573, 0.104, 671944
540, 0.657035, 0.106, 673189
541, 0.648136, 0.1, 674435
542, 0.630309, 0.097, 675681
543, 0.623978, 0.096, 676927
544, 0.651398, 0.094, 678173
545, 0.668726, 0.105, 679419
546, 0.646668, 0.106, 680665
547, 0.645184, 0.099, 681911
548, 0.636782, 0.1, 683158
549, 0.650732, 0.1, 684404
550, 0.697587, 0.101, 685650
551, 0.682956, 0.102, 686896
552, 0.670644, 0.107, 688142
553, 0.663911, 0.105, 689388
554, 0.651711, 0.103, 690634
555, 0.665797, 0.103, 691880
556, 0.677285, 0.11, 693126
557, 0.663981, 0.104, 694371
558, 0.654034, 0.099, 695617
559, 0.653938, 0.099, 696863
560, 0.654909, 0.101, 698109
561, 0.648545, 0.098, 699355
562, 0.646802, 0.093, 700602
563, 0.648437, 0.095, 701848
564, 0.673168, 0.101, 703094
565, 0.675363, 0.108, 704340
566, 0.677557, 0.11, 705586
567, 0.668901, 0.105, 706832
568, 0.666741, 0.103, 708078
569, 0.66356, 0.104, 709324
570, 0.663677, 0.104, 710570
571, 0.656694, 0.104, 711816
572, 0.646502, 0.1, 713062
573, 0.645001, 0.101, 714308
574, 0.664675, 0.105, 715554
575, 0.646423, 0.101, 716800
576, 0.625689, 0.094, 718046
577, 0.6166, 0.092, 719292
578, 0.612607, 0.092, 720538
579, 0.611052, 0.089, 721784
580, 0.603058, 0.086, 723030
581, 0.602223, 0.087, 724276
582, 0.598328, 0.087, 725522
583, 0.59168, 0.089, 726768
584, 0.658035, 0.1, 728014
585, 0.677626, 0.108, 729260
586, 0.688984, 0.112, 730506
587, 0.67121, 0.111, 731752
588, 0.661259, 0.111, 732998
589, 0.654393, 0.11, 734244
590, 0.653257, 0.107, 735490
591, 0.64565, 0.104, 736736
592, 0.658573, 0.11, 737982
593, 0.65279, 0.109, 739228
594, 0.658734, 0.106, 740474
595, 0.648684, 0.106, 741721
596, 0.637231, 0.104, 742967
597, 0.642083, 0.101, 744213
598, 0.636768, 0.101, 745459
599, 0.633357, 0.097, 746705
600, 0.628027, 0.097, 747951
601, 0.637158, 0.095, 749197
602, 0.642327, 0.103, 750443
603, 0.630033, 0.101, 751689
604, 0.631725, 0.101, 752935
605, 0.626593, 0.1, 754181
606, 0.640022, 0.103, 755427
607, 0.641273, 0.109, 756673
608, 0.646129, 0.103, 757919
609, 0.636303, 0.11, 759165
610, 0.629483, 0.104, 760412
611, 0.627021, 0.103, 761658
612, 0.631565, 0.102, 762904
613, 0.636731, 0.102, 764150
614, 0.623511, 0.1, 765396
615, 0.624645, 0.1, 766642
616, 0.618277, 0.097, 767888
617, 0.613217, 0.095, 769134
618, 0.608069, 0.101, 770380
619, 0.595477, 0.099, 771626
620, 0.590041, 0.097, 772872
621, 0.576661, 0.097, 774118
622, 0.573147, 0.096, 775364
623, 0.565602, 0.093, 776611
624, 0.563325, 0.094, 777856
625, 0.570149, 0.094, 779103
626, 0.573553, 0.1, 780349
627, 0.574804, 0.101, 781594
628, 0.571507, 0.098, 782840
629, 0.570239, 0.098, 784086
630, 0.566099, 0.097, 785332
631, 0.55673, 0.093, 786578
632, 0.562481, 0.096, 787825
633, 0.55406, 0.096, 789070
634, 0.553982, 0.094, 790316
635, 0.556078, 0.091, 791562
636, 0.553115, 0.091, 792808
637, 0.554112, 0.089, 794054
638, 0.55435, 0.085, 795300
639, 0.549194, 0.086, 796546
640, 0.543211, 0.087, 797792
641, 0.541173, 0.088, 799038
642, 0.548448, 0.094, 800284
643, 0.539674, 0.091, 801529
644, 0.533656, 0.091, 802776
645, 0.526982, 0.091, 804022
646, 0.530709, 0.092, 805268
647, 0.525409, 0.083, 806513
648, 0.524578, 0.085, 807759
649, 0.517431, 0.084, 809005
650, 0.529893, 0.088, 810251
651, 0.671638, 0.102, 811497
652, 0.63404, 0.098, 812743
653, 0.637588, 0.094, 813990
654, 0.623733, 0.096, 815236
655, 0.606065, 0.093, 816482
656, 0.607745, 0.092, 817728
657, 0.643297, 0.094, 818974
658, 0.691866, 0.095, 820220
659, 0.675086, 0.1, 821466
660, 0.656851, 0.097, 822713
661, 0.645369, 0.099, 823959
662, 0.646686, 0.104, 825205
663, 0.637274, 0.099, 826451
664, 0.63334, 0.101, 827697
665, 0.614351, 0.098, 828943
666, 0.611929, 0.097, 830189
667, 0.607077, 0.096, 831435
668, 0.599568, 0.094, 832681
669, 0.592061, 0.096, 833927
670, 0.575096, 0.091, 835173
671, 0.564755, 0.088, 836418
672, 0.560613, 0.09, 837664
673, 0.552334, 0.088, 838910
674, 0.54946, 0.086, 840156
675, 0.549362, 0.092, 841402
676, 0.538268, 0.079, 842648
677, 0.532766, 0.075, 843894
678, 0.529893, 0.075, 845140
679, 0.544924, 0.075, 846386
680, 0.542487, 0.077, 847632
681, 0.53444, 0.075, 848878
682, 0.540037, 0.075, 850123
683, 0.52307, 0.075, 851369
684, 0.520808, 0.074, 852615
685, 0.521216, 0.074, 853861
686, 0.522641, 0.078, 855107
687, 0.524404, 0.076, 856353
688, 0.517396, 0.079, 857599
689, 0.514748, 0.076, 858845
690, 0.506735, 0.077, 860091
691, 0.504084, 0.08, 861337
692, 0.503096, 0.076, 862583
693, 0.493332, 0.074, 863829
694, 0.488139, 0.072, 865075
695, 0.497257, 0.074, 866321
696, 0.474346, 0.069, 867567
697, 0.461744, 0.066, 868813
698, 0.465041, 0.066, 870059
699, 0.482962, 0.068, 871305
700, 0.506789, 0.073, 872551
701, 0.514624, 0.072, 873797
702, 0.508483, 0.071, 875043
703, 0.502738, 0.069, 876289
704, 0.495409, 0.067, 877535
705, 0.490477, 0.065, 878781
706, 0.481395, 0.065, 880029
707, 0.47755, 0.065, 881279
708, 0.472117, 0.062, 882524
709, 0.480114, 0.064, 883770
710, 0.486482, 0.065, 885017
711, 0.480164, 0.065, 886262
712, 0.478635, 0.066, 887508
713, 0.476423, 0.068, 888754
714, 0.46662, 0.067, 890000
715, 0.470127, 0.072, 891246
716, 0.476872, 0.066, 892491
717, 0.470056, 0.066, 893738
718, 0.465564, 0.064, 894983
719, 0.472322, 0.063, 896229
720, 0.476431, 0.066, 897475
721, 0.555389, 0.081, 898721
722, 0.547029, 0.081, 899967
723, 0.534418, 0.081, 901213
724, 0.528405, 0.081, 902459
725, 0.536736, 0.083, 903705
726, 0.528693, 0.078, 904951
727, 0.548981, 0.089, 906197
728, 0.542205, 0.086, 907443
729, 0.533874, 0.085, 908689
730, 0.543203, 0.083, 909935
731, 0.551248, 0.088, 911181
732, 0.563471, 0.092, 912427
733, 0.542707, 0.083, 913673
734, 0.528333, 0.082, 914919
735, 0.531724, 0.082, 916165
736, 0.520143, 0.084, 917412
737, 0.517218, 0.082, 918658
738, 0.526133, 0.084, 919904
739, 0.526685, 0.081, 921149
740, 0.539714, 0.082, 922395
741, 0.555821, 0.087, 923641
742, 0.553523, 0.086, 924887
743, 0.549536, 0.085, 926133
744, 0.554009, 0.077, 927379
745, 0.549152, 0.076, 928625
746, 0.538923, 0.078, 929871
747, 0.528198, 0.076, 931117
748, 0.522223, 0.076, 932363
749, 0.519699, 0.078, 933609
750, 0.514459, 0.078, 934855
751, 0.508575, 0.076, 936101
752, 0.499851, 0.075, 937346
753, 0.49465, 0.071, 938592
754, 0.490057, 0.071, 939838
755, 0.487077, 0.07, 941085
756, 0.480669, 0.072, 942331
757, 0.507117, 0.075, 943576
758, 0.508772, 0.077, 944822
759, 0.513804, 0.082, 946068
760, 0.508274, 0.079, 947314
761, 0.50359, 0.077, 948560
762, 0.481904, 0.072, 949806
763, 0.479675, 0.07, 951052
764, 0.472503, 0.066, 952298
765, 0.493345, 0.067, 953544
766, 0.480274, 0.066, 954789
767, 0.472783, 0.072, 956035
768, 0.466344, 0.064, 957281
769, 0.459396, 0.063, 958527
770, 0.45457, 0.063, 959773
771, 0.449536, 0.062, 961019
772, 0.444407, 0.063, 962265
773, 0.444462, 0.064, 963511
774, 0.439497, 0.063, 964757
775, 0.443262, 0.062, 966003
776, 0.440134, 0.063, 967249
777, 0.449135, 0.063, 968495
778, 0.449765, 0.061, 969741
779, 0.451722, 0.063, 970987
780, 0.444056, 0.06, 972232
781, 0.44625, 0.059, 973478
782, 0.43429, 0.056, 974724
783, 0.432807, 0.054, 975970
784, 0.431962, 0.06, 977216
785, 0.423671, 0.059, 978462
786, 0.424314, 0.055, 979708
787, 0.446273, 0.057, 980954
788, 0.446837, 0.052, 982200
789, 0.446403, 0.054, 983446
790, 0.445497, 0.054, 984692
791, 0.442057, 0.055, 985938
792, 0.438501, 0.054, 987184
793, 0.429507, 0.055, 988430
794, 0.420391, 0.051, 989676
795, 0.425559, 0.052, 990922
796, 0.422247, 0.052, 992168
797, 0.417097, 0.053, 993414
798, 0.416425, 0.052, 994660
799, 0.414511, 0.053, 995906
800, 0.440573, 0.059, 997152
801, 0.443884, 0.062, 998398
802, 0.43588, 0.06, 999644
803, 0.444681, 0.063, 1000891
804, 0.442923, 0.062, 1002136
805, 0.437502, 0.06, 1003382
806, 0.438459, 0.059, 1004628
807, 0.428151, 0.058, 1005874
808, 0.426392, 0.057, 1007120
809, 0.423164, 0.056, 1008365
810, 0.418281, 0.058, 1009611
811, 0.437691, 0.055, 1010857
812, 0.481871, 0.069, 1012103
813, 0.536265, 0.073, 1013349
814, 0.567769, 0.081, 1014594
815, 0.590101, 0.08, 1015840
816, 0.604075, 0.089, 1017086
817, 0.591977, 0.087, 1018332
818, 0.579838, 0.088, 1019578
819, 0.563639, 0.09, 1020824
820, 0.552852, 0.086, 1022070
821, 0.542245, 0.084, 1023316
822, 0.533757, 0.081, 1024562
823, 0.523309, 0.075, 1025808
824, 0.519039, 0.073, 1027054
825, 0.516379, 0.069, 1028300
826, 0.520175, 0.072, 1029546
827, 0.505384, 0.073, 1030792
828, 0.508858, 0.072, 1032038
829, 0.504047, 0.074, 1033284
830, 0.497161, 0.073, 1034530
831, 0.494414, 0.073, 1035776
832, 0.493596, 0.07, 1037022
833, 0.487872, 0.071, 1038268
834, 0.482029, 0.07, 1039514
835, 0.479926, 0.072, 1040759
836, 0.481957, 0.072, 1042005
837, 0.479922, 0.072, 1043251
838, 0.476598, 0.072, 1044497
839, 0.478245, 0.072, 1045743
840, 0.46755, 0.072, 1046989
841, 0.483212, 0.075, 1048235
842, 0.499642, 0.073, 1049481
843, 0.500699, 0.072, 1050727
844, 0.495343, 0.074, 1051972
845, 0.489494, 0.071, 1053218
846, 0.484839, 0.071, 1054464
847, 0.47025, 0.071, 1055710
848, 0.471318, 0.071, 1056956
849, 0.461257, 0.071, 1058202
850, 0.459438, 0.069, 1059448
851, 0.451188, 0.069, 1060695
852, 0.466865, 0.064, 1061941
853, 0.478207, 0.069, 1063187
854, 0.478704, 0.067, 1064433
855, 0.474167, 0.068, 1065679
856, 0.465256, 0.063, 1066925
857, 0.465076, 0.063, 1068171
858, 0.460278, 0.068, 1069417
859, 0.475436, 0.074, 1070663
860, 0.466942, 0.068, 1071909
861, 0.456913, 0.062, 1073155
862, 0.528855, 0.068, 1074401
863, 0.594813, 0.078, 1075647
864, 0.597209, 0.084, 1076893
865, 0.589239, 0.084, 1078139
866, 0.578855, 0.079, 1079385
867, 0.566466, 0.081, 1080631
868, 0.553625, 0.078, 1081876
869, 0.543387, 0.077, 1083122
870, 0.66175, 0.091, 1084368
871, 0.660643, 0.091, 1085614
872, 0.630061, 0.093, 1086860
873, 0.6191, 0.091, 1088106
874, 0.599612, 0.088, 1089352
875, 0.592675, 0.085, 1090598
876, 0.574855, 0.081, 1091843
877, 0.577376, 0.08, 1093089
878, 0.567556, 0.077, 1094335
879, 0.559409, 0.075, 1095581
880, 0.548465, 0.076, 1096827
881, 0.544827, 0.074, 1098073
882, 0.58439, 0.067, 1099319
883, 0.580043, 0.069, 1100565
884, 0.582489, 0.073, 1101811
885, 0.613524, 0.08, 1103057
886, 0.620187, 0.079, 1104303
887, 0.617261, 0.077, 1105549
888, 0.619575, 0.079, 1106795
889, 0.616421, 0.081, 1108041
890, 0.607084, 0.084, 1109287
891, 0.601316, 0.081, 1110533
892, 0.58555, 0.08, 1111779
893, 0.585819, 0.079, 1113025
894, 0.572369, 0.075, 1114271
895, 0.564072, 0.076, 1115517
896, 0.567864, 0.077, 1116763
897, 0.564976, 0.079, 1118009
898, 0.560204, 0.08, 1119255
899, 0.554081, 0.076, 1120502
900, 0.55027, 0.075, 1121748
901, 0.546108, 0.075, 1122994
902, 0.541424, 0.073, 1124240
903, 0.543524, 0.078, 1125486
904, 0.533207, 0.071, 1126733
905, 0.524312, 0.073, 1127979
906, 0.547342, 0.071, 1129225
907, 0.524976, 0.07, 1130471
908, 0.520004, 0.071, 1131717
909, 0.544161, 0.073, 1132963
910, 0.587323, 0.079, 1134209
911, 0.595748, 0.085, 1135454
912, 0.614404, 0.093, 1136701
913, 0.614006, 0.095, 1137947
914, 0.607042, 0.091, 1139192
915, 0.577883, 0.085, 1140438
916, 0.575635, 0.085, 1141684
917, 0.571337, 0.084, 1142930
918, 0.567256, 0.081, 1144176
919, 0.564937, 0.082, 1145422
920, 0.55564, 0.076, 1146668
921, 0.559216, 0.078, 1147914
922, 0.555726, 0.077, 1149160
923, 0.546852, 0.078, 1150406
924, 0.534951, 0.072, 1151652
925, 0.544346, 0.072, 1152898
926, 0.543742, 0.069, 1154144
927, 0.563432, 0.076, 1155390
928, 0.568323, 0.079, 1156636
929, 0.56689, 0.083, 1157882
930, 0.55708, 0.079, 1159128
931, 0.549987, 0.081, 1160374
932, 0.546373, 0.082, 1161620
933, 0.540905, 0.081, 1162866
934, 0.540276, 0.08, 1164111
935, 0.534505, 0.08, 1165357
936, 0.526895, 0.078, 1166603
937, 0.516737, 0.075, 1167849
938, 0.517186, 0.074, 1169095
939, 0.512558, 0.074, 1170341
940, 0.531673, 0.078, 1171587
941, 0.537299, 0.079, 1172833
942, 0.534905, 0.079, 1174078
943, 0.530091, 0.077, 1175324
944, 0.524496, 0.074, 1176570
945, 0.525734, 0.075, 1177816
946, 0.52079, 0.076, 1179062
947, 0.511871, 0.075, 1180309
948, 0.508076, 0.072, 1181555
949, 0.564205, 0.079, 1182801
950, 0.566826, 0.074, 1184047
951, 0.568961, 0.074, 1185293
952, 0.561599, 0.071, 1186538
953, 0.552473, 0.071, 1187784
954, 0.546555, 0.07, 1189030
955, 0.542114, 0.069, 1190276
956, 0.571387, 0.076, 1191521
957, 0.552569, 0.07, 1192767
958, 0.548494, 0.072, 1194013
959, 0.53995, 0.069, 1195260
960, 0.537567, 0.067, 1196505
961, 0.538935, 0.066, 1197751
962, 0.538772, 0.068, 1198997
963, 0.531526, 0.067, 1200243
964, 0.528089, 0.066, 1201489
965, 0.549197, 0.068, 1202735
966, 0.558204, 0.069, 1203981
967, 0.550544, 0.069, 1205226
968, 0.551233, 0.07, 1206473
969, 0.555327, 0.068, 1207718
970, 0.559976, 0.068, 1208964
971, 0.628124, 0.091, 1210210
972, 0.637767, 0.098, 1211456
973, 0.617694, 0.091, 1212702
974, 0.660244, 0.093, 1213948
975, 0.652322, 0.094, 1215193
976, 0.645661, 0.095, 1216439
977, 0.654599, 0.096, 1217685
978, 0.697061, 0.106, 1218931
979, 0.692055, 0.105, 1220177
980, 0.685118, 0.104, 1221423
981, 0.665686, 0.097, 1222668
982, 0.656102, 0.095, 1223914
983, 0.641511, 0.088, 1225160
984, 0.634789, 0.091, 1226406
985, 0.648262, 0.097, 1227652
986, 0.676507, 0.096, 1228898
987, 0.677221, 0.1, 1230144
988, 0.664534, 0.099, 1231390
989, 0.660156, 0.102, 1232636
990, 0.653089, 0.099, 1233882
991, 0.642286, 0.099, 1235128
992, 0.638452, 0.099, 1236373
993, 0.629749, 0.099, 1237619
994, 0.62921, 0.097, 1238865
995, 0.628677, 0.095, 1240112
996, 0.611514, 0.091, 1241359
997, 0.604299, 0.088, 1242605
998, 0.602632, 0.086, 1243851
999, 0.60123, 0.087, 1245097
1000, 0.606009, 0.09, 1246343
