epoch, cross_entropy, error, time
1, 28.3998, 0.915, 1220
2, 7.03333, 0.773, 2465
3, 2.93698, 0.502, 3709
4, 2.76394, 0.486, 4954
5, 2.70437, 0.47, 6199
6, 2.32093, 0.386, 7444
7, 1.90993, 0.358, 8688
8, 1.89916, 0.337, 9933
9, 2.07862, 0.326, 11178
10, 2.14253, 0.34, 12423
11, 2.74673, 0.379, 13668
12, 2.03455, 0.304, 14913
13, 1.61515, 0.263, 16158
14, 1.64732, 0.243, 17403
15, 1.9826, 0.291, 18648
16, 1.70789, 0.263, 19893
17, 1.44985, 0.249, 21138
18, 1.42606, 0.235, 22383
19, 1.33743, 0.222, 23628
20, 1.57785, 0.253, 24873
21, 1.52684, 0.239, 26120
22, 1.49836, 0.239, 27366
23, 1.45958, 0.254, 28612
24, 1.81114, 0.279, 29858
25, 1.85794, 0.273, 31105
26, 1.48201, 0.245, 32351
27, 1.97649, 0.292, 33597
28, 2.62774, 0.327, 34843
29, 1.70419, 0.242, 36090
30, 1.4761, 0.236, 37336
31, 1.39462, 0.23, 38582
32, 1.36542, 0.235, 39828
33, 1.36807, 0.231, 41074
34, 1.3072, 0.229, 42321
35, 1.33003, 0.248, 43567
36, 1.28707, 0.233, 44813
37, 1.19329, 0.226, 46059
38, 1.25162, 0.226, 47305
39, 1.20301, 0.222, 48552
40, 1.26192, 0.213, 49798
41, 1.1721, 0.203, 51044
42, 1.16058, 0.194, 52291
43, 1.17671, 0.202, 53537
44, 1.11255, 0.191, 54785
45, 1.06931, 0.181, 56031
46, 1.04757, 0.182, 57278
47, 1.12418, 0.205, 58524
48, 1.17201, 0.216, 59770
49, 1.11478, 0.208, 61017
50, 1.18758, 0.207, 62263
51, 1.16277, 0.208, 63509
52, 1.08613, 0.197, 64756
53, 1.12189, 0.206, 66002
54, 1.46104, 0.247, 67248
55, 1.74396, 0.279, 68495
56, 1.68083, 0.255, 69741
57, 1.53771, 0.248, 70987
58, 1.43425, 0.234, 72233
59, 1.33531, 0.223, 73480
60, 1.43835, 0.219, 74726
61, 1.28888, 0.201, 75972
62, 1.28484, 0.199, 77219
63, 1.3027, 0.201, 78465
64, 1.38664, 0.216, 79711
65, 1.40455, 0.22, 80957
66, 1.27045, 0.193, 82203
67, 1.21087, 0.197, 83450
68, 1.2674, 0.198, 84696
69, 1.38081, 0.21, 85942
70, 1.23525, 0.189, 87188
71, 1.10478, 0.182, 88435
72, 1.14588, 0.179, 89681
73, 1.09059, 0.167, 90927
74, 1.0757, 0.168, 92174
75, 1.0682, 0.168, 93420
76, 0.976334, 0.152, 94666
77, 1.0082, 0.16, 95912
78, 1.45652, 0.212, 97159
79, 1.62428, 0.219, 98405
80, 1.51147, 0.222, 99652
81, 1.2193, 0.189, 100898
82, 1.19208, 0.184, 102144
83, 1.08694, 0.156, 103391
84, 1.0698, 0.154, 104637
85, 1.20186, 0.173, 105883
86, 1.12326, 0.163, 107130
87, 1.07676, 0.151, 108376
88, 1.03535, 0.144, 109622
89, 0.993081, 0.142, 110869
90, 1.07478, 0.145, 112115
91, 1.14891, 0.154, 113361
92, 1.02339, 0.134, 114609
93, 0.950086, 0.129, 115856
94, 0.85446, 0.125, 117102
95, 0.89638, 0.124, 118349
96, 0.941694, 0.132, 119595
97, 0.897903, 0.128, 120841
98, 0.857165, 0.125, 122088
99, 0.827674, 0.12, 123334
100, 0.799718, 0.118, 124580
101, 0.785479, 0.114, 125826
102, 0.782748, 0.121, 127073
103, 0.764858, 0.117, 128320
104, 0.756427, 0.122, 129566
105, 0.743748, 0.124, 130812
106, 0.711737, 0.121, 132059
107, 0.719181, 0.114, 133305
108, 0.737627, 0.111, 134552
109, 0.814225, 0.126, 135798
110, 0.913735, 0.133, 137044
111, 0.830538, 0.126, 138290
112, 0.879117, 0.135, 139537
113, 0.913937, 0.142, 140783
114, 1.07766, 0.165, 142030
115, 0.888364, 0.141, 143276
116, 1.12858, 0.167, 144522
117, 0.960107, 0.148, 145769
118, 1.07929, 0.153, 147015
119, 1.1889, 0.176, 148261
120, 1.06697, 0.168, 149509
121, 1.06439, 0.157, 150755
122, 1.11314, 0.164, 152002
123, 1.06426, 0.17, 153248
124, 0.967485, 0.141, 154495
125, 0.97274, 0.141, 155741
126, 0.963808, 0.134, 156987
127, 0.970197, 0.141, 158234
128, 0.949657, 0.143, 159480
129, 0.938259, 0.141, 160726
130, 0.920239, 0.138, 161973
131, 0.831703, 0.13, 163219
132, 0.850497, 0.13, 164465
133, 0.952042, 0.15, 165712
134, 0.99404, 0.148, 166958
135, 1.02278, 0.143, 168205
136, 0.918355, 0.128, 169451
137, 0.948352, 0.132, 170697
138, 0.996322, 0.133, 171944
139, 0.936726, 0.138, 173190
140, 0.899349, 0.139, 174437
141, 0.942727, 0.139, 175684
142, 0.943096, 0.14, 176930
143, 0.932043, 0.143, 178176
144, 0.900766, 0.147, 179423
145, 0.913913, 0.139, 180669
146, 0.874875, 0.141, 181915
147, 0.836449, 0.135, 183162
148, 0.988221, 0.138, 184408
149, 0.905038, 0.128, 185654
150, 0.860356, 0.125, 186901
151, 0.894976, 0.133, 188147
152, 0.789769, 0.119, 189393
153, 0.796662, 0.119, 190640
154, 0.792886, 0.121, 191886
155, 0.779227, 0.113, 193133
156, 0.800542, 0.116, 194379
157, 0.785013, 0.112, 195625
158, 0.868623, 0.12, 196872
159, 0.940521, 0.134, 198118
160, 0.869532, 0.119, 199365
161, 0.79506, 0.113, 200611
162, 0.718196, 0.092, 201857
163, 0.707575, 0.099, 203104
164, 0.664087, 0.093, 204350
165, 0.667063, 0.098, 205597
166, 0.673208, 0.095, 206843
167, 0.694313, 0.098, 208089
168, 0.760601, 0.109, 209336
169, 0.697981, 0.099, 210582
170, 0.686604, 0.093, 211828
171, 0.671782, 0.101, 213075
172, 0.685018, 0.095, 214321
173, 0.667534, 0.097, 215570
174, 0.684287, 0.102, 216816
175, 0.664798, 0.097, 218063
176, 0.656227, 0.101, 219309
177, 0.687731, 0.105, 220555
178, 0.662953, 0.105, 221802
179, 0.659512, 0.094, 223048
180, 0.67961, 0.093, 224294
181, 0.689541, 0.091, 225541
182, 0.738806, 0.096, 226787
183, 0.815755, 0.108, 228033
184, 0.79586, 0.114, 229280
185, 0.708056, 0.099, 230526
186, 0.699286, 0.104, 231773
187, 0.685913, 0.096, 233019
188, 0.718113, 0.098, 234266
189, 0.7553, 0.101, 235512
190, 0.717563, 0.106, 236758
191, 0.689895, 0.102, 238005
192, 0.664837, 0.087, 239251
193, 0.638737, 0.086, 240497
194, 0.651843, 0.086, 241744
195, 0.631135, 0.082, 242990
196, 0.785142, 0.108, 244237
197, 0.778618, 0.105, 245483
198, 0.759028, 0.103, 246729
199, 0.770162, 0.093, 247976
200, 0.742488, 0.104, 249222
201, 0.672066, 0.091, 250469
202, 0.914687, 0.125, 251715
203, 0.830605, 0.125, 252961
204, 0.801457, 0.117, 254208
205, 0.777835, 0.114, 255454
206, 0.856643, 0.128, 256700
207, 0.840993, 0.116, 257946
208, 0.815904, 0.105, 259193
209, 0.80282, 0.105, 260439
210, 0.771278, 0.105, 261686
211, 0.764273, 0.099, 262932
212, 0.802824, 0.108, 264178
213, 0.791539, 0.103, 265424
214, 0.786197, 0.11, 266670
215, 0.771039, 0.1, 267917
216, 0.736913, 0.095, 269163
217, 1.02252, 0.129, 270409
218, 0.929587, 0.116, 271656
219, 0.818323, 0.101, 272902
220, 0.853748, 0.105, 274149
221, 0.82684, 0.105, 275395
222, 0.789097, 0.104, 276641
223, 0.802799, 0.107, 277887
224, 0.857005, 0.107, 279134
225, 0.822265, 0.108, 280380
226, 0.775894, 0.105, 281626
227, 0.773048, 0.107, 282873
228, 0.738813, 0.108, 284119
229, 0.747329, 0.105, 285365
230, 0.733282, 0.104, 286611
231, 0.724659, 0.107, 287858
232, 0.783894, 0.106, 289104
233, 0.756678, 0.101, 290350
234, 0.75638, 0.096, 291597
235, 0.747377, 0.099, 292843
236, 0.712229, 0.096, 294091
237, 0.772629, 0.105, 295338
238, 0.81482, 0.11, 296584
239, 0.847822, 0.113, 297830
240, 0.857798, 0.117, 299077
241, 0.865061, 0.12, 300323
242, 0.881408, 0.122, 301569
243, 1.25537, 0.164, 302816
244, 1.64826, 0.203, 304062
245, 1.55007, 0.186, 305309
246, 1.36517, 0.176, 306555
247, 1.23236, 0.166, 307802
248, 1.22359, 0.166, 309048
249, 1.18277, 0.161, 310295
250, 1.07307, 0.149, 311541
251, 1.09911, 0.153, 312787
252, 1.06302, 0.146, 314034
253, 1.00934, 0.143, 315280
254, 0.992362, 0.136, 316527
255, 1.05961, 0.147, 317773
256, 1.05334, 0.146, 319020
257, 1.02253, 0.146, 320266
258, 1.03515, 0.151, 321512
259, 0.981803, 0.146, 322759
260, 1.07215, 0.159, 324005
261, 1.04183, 0.153, 325251
262, 1.01905, 0.154, 326498
263, 1.04265, 0.157, 327744
264, 1.02702, 0.159, 328991
265, 1.0477, 0.169, 330237
266, 1.03298, 0.158, 331484
267, 1.03377, 0.165, 332730
268, 1.02584, 0.164, 333977
269, 1.04533, 0.169, 335223
270, 1.00913, 0.164, 336469
271, 1.00764, 0.16, 337716
272, 0.951198, 0.156, 338962
273, 0.95463, 0.159, 340212
274, 1.02575, 0.159, 341458
275, 0.902892, 0.15, 342705
276, 1.09663, 0.163, 343951
277, 1.23142, 0.177, 345198
278, 1.19592, 0.182, 346444
279, 1.01924, 0.161, 347690
280, 1.00068, 0.161, 348937
281, 0.924085, 0.14, 350183
282, 0.890056, 0.135, 351429
283, 0.867081, 0.128, 352676
284, 0.85888, 0.126, 353923
285, 0.866088, 0.132, 355169
286, 0.864714, 0.127, 356416
287, 0.857229, 0.131, 357662
288, 0.850456, 0.136, 358908
289, 0.824957, 0.126, 360155
290, 0.795334, 0.12, 361402
291, 0.80243, 0.124, 362648
292, 0.794533, 0.129, 363894
293, 0.781448, 0.131, 365141
294, 0.809055, 0.133, 366387
295, 0.826055, 0.137, 367633
296, 0.81588, 0.131, 368880
297, 0.82741, 0.131, 370126
298, 0.817716, 0.132, 371372
299, 0.819379, 0.123, 372619
300, 0.880692, 0.137, 373865
301, 0.858923, 0.135, 375112
302, 0.852716, 0.135, 376358
303, 0.870056, 0.135, 377604
304, 0.851424, 0.132, 378851
305, 0.841814, 0.126, 380097
306, 0.824938, 0.126, 381344
307, 0.799795, 0.121, 382590
308, 0.792317, 0.118, 383836
309, 0.800224, 0.13, 385082
310, 0.803889, 0.127, 386329
311, 0.774468, 0.116, 387575
312, 0.800903, 0.121, 388821
313, 0.788716, 0.128, 390068
314, 0.811317, 0.125, 391315
315, 0.844125, 0.13, 392561
316, 0.846542, 0.14, 393808
317, 0.850031, 0.142, 395054
318, 0.827818, 0.14, 396300
319, 0.840527, 0.139, 397547
320, 0.793569, 0.133, 398793
321, 0.776627, 0.129, 400040
322, 0.788619, 0.13, 401286
323, 0.769688, 0.129, 402532
324, 0.807664, 0.137, 403779
325, 1.02273, 0.166, 405025
326, 0.879542, 0.141, 406271
327, 0.859909, 0.137, 407517
328, 0.871793, 0.143, 408764
329, 0.85244, 0.143, 410010
330, 0.842224, 0.145, 411256
331, 0.869012, 0.132, 412503
332, 0.837024, 0.128, 413750
333, 0.797529, 0.119, 414996
334, 0.79332, 0.124, 416243
335, 0.763529, 0.12, 417489
336, 0.773794, 0.121, 418735
337, 0.758255, 0.119, 419981
338, 0.732573, 0.117, 421228
339, 0.707125, 0.115, 422474
340, 0.695936, 0.115, 423720
341, 0.68445, 0.111, 424967
342, 0.672961, 0.107, 426213
343, 0.663853, 0.106, 427460
344, 0.65774, 0.109, 428706
345, 0.646121, 0.107, 429952
346, 0.65804, 0.113, 431198
347, 0.664032, 0.111, 432445
348, 0.64626, 0.11, 433691
349, 0.640616, 0.108, 434938
350, 0.65489, 0.111, 436184
351, 0.637976, 0.11, 437430
352, 0.637662, 0.11, 438677
353, 0.638903, 0.111, 439923
354, 0.65118, 0.108, 441169
355, 0.634134, 0.105, 442416
356, 0.631672, 0.105, 443662
357, 0.63333, 0.106, 444909
358, 0.640876, 0.104, 446155
359, 0.636416, 0.098, 447401
360, 0.620165, 0.097, 448648
361, 0.639552, 0.104, 449894
362, 0.614313, 0.1, 451140
363, 0.615261, 0.096, 452386
364, 0.62366, 0.098, 453633
365, 0.61271, 0.096, 454879
366, 0.608509, 0.093, 456125
367, 0.643971, 0.101, 457372
368, 0.629781, 0.099, 458618
369, 0.635308, 0.097, 459864
370, 0.633995, 0.095, 461111
371, 0.614607, 0.089, 462357
372, 0.613385, 0.093, 463603
373, 0.605659, 0.095, 464850
374, 0.618795, 0.098, 466096
375, 0.619941, 0.103, 467343
376, 0.598079, 0.101, 468589
377, 0.61562, 0.107, 469835
378, 0.592737, 0.1, 471082
379, 0.60289, 0.101, 472328
380, 0.606483, 0.105, 473575
381, 0.817351, 0.128, 474821
382, 0.766511, 0.134, 476068
383, 0.731315, 0.129, 477314
384, 0.799983, 0.138, 478561
385, 0.873731, 0.132, 479807
386, 1.0114, 0.171, 481053
387, 0.972122, 0.164, 482300
388, 0.975403, 0.16, 483546
389, 0.946537, 0.154, 484793
390, 0.978427, 0.175, 486039
391, 0.972862, 0.168, 487285
392, 0.933665, 0.166, 488532
393, 1.03851, 0.178, 489778
394, 1.10694, 0.179, 491024
395, 1.02943, 0.174, 492271
396, 1.01997, 0.163, 493517
397, 1.01009, 0.164, 494763
398, 0.986335, 0.159, 496009
399, 0.961497, 0.151, 497256
400, 0.978133, 0.16, 498502
401, 0.962138, 0.158, 499748
402, 0.963782, 0.156, 500994
403, 0.984143, 0.167, 502241
404, 0.957134, 0.154, 503487
405, 0.916721, 0.156, 504733
406, 0.913707, 0.165, 505980
407, 0.908013, 0.155, 507226
408, 0.864678, 0.157, 508472
409, 0.878628, 0.165, 509718
410, 0.906109, 0.147, 510964
411, 0.89197, 0.151, 512211
412, 0.887685, 0.15, 513457
413, 0.890166, 0.15, 514703
414, 0.89287, 0.151, 515949
415, 0.890131, 0.148, 517195
416, 0.897734, 0.152, 518442
417, 0.896595, 0.148, 519688
418, 0.90149, 0.152, 520934
419, 0.915308, 0.153, 522180
420, 1.00435, 0.173, 523428
421, 1.05985, 0.178, 524674
422, 1.08438, 0.189, 525921
423, 1.30966, 0.207, 527167
424, 1.21744, 0.199, 528413
425, 1.08835, 0.178, 529659
426, 1.07397, 0.168, 530905
427, 1.02208, 0.173, 532151
428, 0.993649, 0.168, 533398
429, 1.0399, 0.169, 534653
430, 1.09985, 0.187, 535899
431, 1.06738, 0.176, 537145
432, 1.13042, 0.187, 538392
433, 1.47821, 0.203, 539638
434, 1.27276, 0.192, 540884
435, 1.22352, 0.184, 542131
436, 1.16645, 0.183, 543377
437, 1.08845, 0.171, 544623
438, 1.06322, 0.17, 545869
439, 1.06079, 0.185, 547116
440, 1.07445, 0.181, 548363
441, 1.05995, 0.176, 549609
442, 1.04062, 0.171, 550856
443, 1.0015, 0.171, 552102
444, 0.961358, 0.162, 553349
445, 0.925471, 0.157, 554595
446, 0.914159, 0.151, 555839
447, 0.94304, 0.158, 557084
448, 0.938103, 0.156, 558329
449, 0.908934, 0.145, 559574
450, 0.865225, 0.145, 560819
451, 0.846732, 0.144, 562063
452, 0.825606, 0.145, 563308
453, 0.834334, 0.147, 564553
454, 0.838877, 0.148, 565797
455, 0.848697, 0.146, 567042
456, 0.842588, 0.147, 568287
457, 0.848644, 0.148, 569531
458, 0.919647, 0.153, 570776
459, 0.898418, 0.149, 572021
460, 0.89724, 0.149, 573266
461, 0.885836, 0.147, 574510
462, 0.890664, 0.149, 575755
463, 0.887541, 0.149, 577000
464, 0.853257, 0.137, 578244
465, 0.833959, 0.136, 579489
466, 0.815902, 0.133, 580733
467, 0.808964, 0.137, 581978
468, 0.795053, 0.126, 583223
469, 0.77479, 0.124, 584467
470, 0.761979, 0.121, 585712
471, 0.749681, 0.121, 586957
472, 0.755879, 0.125, 588201
473, 0.732027, 0.12, 589446
474, 0.734291, 0.116, 590690
475, 0.708643, 0.112, 591935
476, 0.716451, 0.109, 593179
477, 0.709485, 0.111, 594425
478, 0.749384, 0.116, 595670
479, 0.943535, 0.13, 596914
480, 0.839813, 0.137, 598159
481, 0.804068, 0.126, 599404
482, 0.800604, 0.125, 600649
483, 0.784715, 0.124, 601893
484, 0.765304, 0.114, 603138
485, 0.749294, 0.11, 604383
486, 0.726535, 0.108, 605627
487, 0.701527, 0.105, 606872
488, 0.686752, 0.108, 608117
489, 0.685442, 0.108, 609362
490, 0.691553, 0.109, 610607
491, 0.684865, 0.107, 611851
492, 0.674814, 0.108, 613096
493, 0.661078, 0.106, 614341
494, 0.659952, 0.112, 615585
495, 0.6611, 0.106, 616830
496, 0.65185, 0.099, 618074
497, 0.658253, 0.104, 619319
498, 0.71077, 0.114, 620564
499, 0.786012, 0.138, 621809
500, 0.754802, 0.126, 623053
501, 0.7328, 0.119, 624298
502, 0.706857, 0.115, 625543
503, 0.726697, 0.115, 626788
504, 0.722632, 0.105, 628032
505, 0.721546, 0.108, 629277
506, 0.712844, 0.111, 630522
507, 0.722362, 0.114, 631766
508, 0.705733, 0.116, 633011
509, 0.674352, 0.107, 634256
510, 0.652049, 0.1, 635500
511, 0.659663, 0.098, 636745
512, 0.664631, 0.094, 637990
513, 0.68526, 0.099, 639235
514, 0.662964, 0.097, 640479
515, 0.658049, 0.093, 641724
516, 0.650059, 0.095, 642969
517, 0.673142, 0.095, 644213
518, 0.684228, 0.101, 645458
519, 0.661458, 0.1, 646703
520, 0.674254, 0.099, 647948
521, 0.662549, 0.097, 649192
522, 0.669537, 0.097, 650437
523, 0.667089, 0.103, 651682
524, 0.619299, 0.096, 652926
525, 0.607911, 0.096, 654173
526, 0.592143, 0.092, 655417
527, 0.650175, 0.101, 656662
528, 0.694216, 0.102, 657907
529, 0.655726, 0.1, 659151
530, 0.617269, 0.089, 660396
531, 0.602127, 0.088, 661641
532, 0.582336, 0.088, 662885
533, 0.581164, 0.091, 664130
534, 0.58579, 0.092, 665375
535, 0.596777, 0.09, 666619
536, 0.636717, 0.094, 667864
537, 0.692666, 0.105, 669109
538, 0.637176, 0.091, 670353
539, 0.610419, 0.092, 671598
540, 0.591445, 0.09, 672843
541, 0.579014, 0.092, 674087
542, 0.566274, 0.093, 675332
543, 0.558561, 0.092, 676577
544, 0.548781, 0.09, 677821
545, 0.546765, 0.089, 679066
546, 0.541337, 0.087, 680311
547, 0.538292, 0.092, 681556
548, 0.528966, 0.086, 682801
549, 0.52198, 0.081, 684045
550, 0.524788, 0.08, 685290
551, 0.542682, 0.079, 686535
552, 0.533894, 0.082, 687779
553, 0.544914, 0.08, 689024
554, 0.548382, 0.084, 690269
555, 0.534684, 0.082, 691514
556, 0.529115, 0.077, 692758
557, 0.526984, 0.074, 694003
558, 0.529923, 0.08, 695248
559, 0.519187, 0.078, 696493
560, 0.511686, 0.077, 697737
561, 0.514948, 0.074, 698982
562, 0.508408, 0.077, 700227
563, 0.518028, 0.075, 701472
564, 0.509986, 0.073, 702716
565, 0.482448, 0.067, 703961
566, 0.488186, 0.066, 705206
567, 0.479875, 0.065, 706451
568, 0.486609, 0.065, 707697
569, 0.474519, 0.064, 708942
570, 0.458135, 0.06, 710186
571, 0.462046, 0.062, 711431
572, 0.476804, 0.066, 712676
573, 0.535711, 0.082, 713923
574, 0.526596, 0.077, 715168
575, 0.551116, 0.077, 716412
576, 0.542213, 0.08, 717657
577, 0.527477, 0.079, 718902
578, 0.511706, 0.075, 720146
579, 0.502488, 0.072, 721391
580, 0.485467, 0.074, 722636
581, 0.63868, 0.098, 723880
582, 0.577744, 0.092, 725125
583, 0.56004, 0.09, 726370
584, 0.535109, 0.086, 727615
585, 0.517271, 0.082, 728860
586, 0.511837, 0.08, 730105
587, 0.516994, 0.081, 731349
588, 0.524438, 0.078, 732594
589, 0.524705, 0.078, 733839
590, 0.527564, 0.078, 735084
591, 0.5306, 0.079, 736328
592, 0.515049, 0.077, 737573
593, 0.522775, 0.079, 738817
594, 0.532451, 0.085, 740062
595, 0.519079, 0.085, 741307
596, 0.526421, 0.081, 742551
597, 0.519699, 0.079, 743796
598, 0.509506, 0.08, 745040
599, 0.507042, 0.077, 746285
600, 0.515674, 0.082, 747530
601, 0.502569, 0.08, 748774
602, 0.492422, 0.077, 750019
603, 0.499217, 0.081, 751264
604, 0.49412, 0.085, 752509
605, 0.485684, 0.085, 753754
606, 0.483029, 0.085, 754998
607, 0.473631, 0.08, 756243
608, 0.469839, 0.082, 757488
609, 0.460225, 0.08, 758733
610, 0.457922, 0.081, 759977
611, 0.446647, 0.077, 761222
612, 0.442515, 0.073, 762467
613, 0.439341, 0.073, 763712
614, 0.432914, 0.071, 764957
615, 0.418542, 0.072, 766201
616, 0.420484, 0.076, 767446
617, 0.458877, 0.081, 768691
618, 0.441877, 0.079, 769935
619, 0.448628, 0.086, 771180
620, 0.442372, 0.079, 772425
621, 0.438823, 0.076, 773670
622, 0.423825, 0.076, 774915
623, 0.420742, 0.068, 776159
624, 0.426143, 0.068, 777404
625, 0.42342, 0.064, 778649
626, 0.424465, 0.066, 779893
627, 0.436353, 0.071, 781138
628, 0.42939, 0.068, 782383
629, 0.42675, 0.065, 783627
630, 0.432755, 0.066, 784872
631, 0.425669, 0.064, 786117
632, 0.412282, 0.062, 787362
633, 0.411102, 0.065, 788606
634, 0.406157, 0.065, 789851
635, 0.415791, 0.063, 791096
636, 0.400088, 0.065, 792341
637, 0.397967, 0.063, 793585
638, 0.432285, 0.068, 794830
639, 0.411206, 0.066, 796074
640, 0.411409, 0.065, 797319
641, 0.401293, 0.059, 798564
642, 0.389204, 0.06, 799809
643, 0.396104, 0.065, 801054
644, 0.39675, 0.061, 802298
645, 0.387675, 0.06, 803543
646, 0.373712, 0.058, 804788
647, 0.401782, 0.064, 806033
648, 0.397727, 0.057, 807277
649, 0.378113, 0.053, 808522
650, 0.376884, 0.054, 809767
651, 0.381314, 0.052, 811011
652, 0.37328, 0.054, 812256
653, 0.357542, 0.051, 813501
654, 0.360941, 0.054, 814746
655, 0.352698, 0.055, 815990
656, 0.347016, 0.053, 817235
657, 0.341835, 0.048, 818480
658, 0.339112, 0.047, 819724
659, 0.341762, 0.051, 820969
660, 0.340926, 0.052, 822213
661, 0.330015, 0.05, 823458
662, 0.339683, 0.054, 824703
663, 0.33072, 0.054, 825947
664, 0.332438, 0.053, 827192
665, 0.336553, 0.056, 828436
666, 0.347072, 0.055, 829681
667, 0.337635, 0.053, 830926
668, 0.354738, 0.054, 832171
669, 0.388836, 0.059, 833415
670, 0.378594, 0.058, 834669
671, 0.363038, 0.056, 835914
672, 0.355766, 0.055, 837159
673, 0.359218, 0.054, 838403
674, 0.36097, 0.055, 839648
675, 0.371394, 0.058, 840892
676, 0.363016, 0.056, 842137
677, 0.357308, 0.055, 843381
678, 0.358124, 0.055, 844626
679, 0.35395, 0.055, 845871
680, 0.348396, 0.055, 847115
681, 0.348607, 0.052, 848360
682, 0.361965, 0.056, 849605
683, 0.354781, 0.055, 850849
684, 0.362535, 0.053, 852094
685, 0.361537, 0.053, 853338
686, 0.37001, 0.052, 854583
687, 0.371011, 0.054, 855828
688, 0.368821, 0.052, 857072
689, 0.368171, 0.053, 858317
690, 0.365898, 0.055, 859562
691, 0.375648, 0.057, 860807
692, 0.365279, 0.05, 862054
693, 0.365071, 0.049, 863298
694, 0.368288, 0.049, 864543
695, 0.381544, 0.048, 865788
696, 0.405585, 0.058, 867032
697, 0.406404, 0.056, 868277
698, 0.399422, 0.058, 869522
699, 0.390487, 0.056, 870767
700, 0.385503, 0.055, 872011
701, 0.374686, 0.052, 873256
702, 0.370609, 0.052, 874501
703, 0.358805, 0.046, 875746
704, 0.364322, 0.05, 876990
705, 0.347398, 0.047, 878235
706, 0.338473, 0.045, 879480
707, 0.344768, 0.049, 880724
708, 0.331117, 0.048, 881969
709, 0.345027, 0.05, 883214
710, 0.330589, 0.049, 884459
711, 0.329557, 0.045, 885703
712, 0.34909, 0.042, 886948
713, 0.346178, 0.043, 888193
714, 0.339431, 0.04, 889437
715, 0.325506, 0.037, 890682
716, 0.328431, 0.038, 891927
717, 0.319009, 0.039, 893171
718, 0.31593, 0.038, 894417
719, 0.322846, 0.04, 895662
720, 0.306924, 0.039, 896907
721, 0.335369, 0.045, 898152
722, 0.334612, 0.043, 899396
723, 0.346078, 0.047, 900641
724, 0.365451, 0.046, 901885
725, 0.361308, 0.046, 903130
726, 0.357074, 0.044, 904375
727, 0.378685, 0.046, 905619
728, 0.388649, 0.047, 906864
729, 0.378424, 0.05, 908109
730, 0.367412, 0.048, 909354
731, 0.368064, 0.046, 910599
732, 0.381044, 0.047, 911844
733, 0.390583, 0.05, 913088
734, 0.389074, 0.048, 914333
735, 0.37808, 0.048, 915578
736, 0.376722, 0.049, 916822
737, 0.386438, 0.051, 918067
738, 0.365928, 0.046, 919312
739, 0.372083, 0.052, 920557
740, 0.365579, 0.049, 921802
741, 0.36144, 0.051, 923047
742, 0.367693, 0.051, 924291
743, 0.382449, 0.053, 925536
744, 0.392524, 0.052, 926781
745, 0.394763, 0.052, 928026
746, 0.3855, 0.049, 929271
747, 0.42955, 0.058, 930516
748, 0.405402, 0.051, 931760
749, 0.49878, 0.063, 933005
750, 0.578587, 0.082, 934250
751, 0.545135, 0.079, 935494
752, 0.526482, 0.078, 936739
753, 0.513117, 0.077, 937984
754, 0.484256, 0.072, 939229
755, 0.502731, 0.072, 940473
756, 0.514734, 0.073, 941718
757, 0.490072, 0.074, 942963
758, 0.461467, 0.068, 944207
759, 0.442699, 0.067, 945452
760, 0.432537, 0.066, 946697
761, 0.434891, 0.071, 947941
762, 0.442574, 0.069, 949186
763, 0.436406, 0.07, 950431
764, 0.41704, 0.065, 951675
765, 0.413754, 0.062, 952920
766, 0.409893, 0.058, 954166
767, 0.393425, 0.06, 955411
768, 0.381311, 0.054, 956656
769, 0.384461, 0.056, 957900
770, 0.387909, 0.056, 959145
771, 0.380776, 0.055, 960390
772, 0.379266, 0.058, 961634
773, 0.392391, 0.056, 962879
774, 0.406645, 0.061, 964124
775, 0.411023, 0.061, 965368
776, 0.398655, 0.056, 966613
777, 0.388095, 0.052, 967858
778, 0.397315, 0.054, 969102
779, 0.435889, 0.061, 970347
780, 0.406352, 0.061, 971592
781, 0.389528, 0.056, 972837
782, 0.374366, 0.049, 974081
783, 0.368514, 0.051, 975326
784, 0.360622, 0.049, 976570
785, 0.366363, 0.051, 977815
786, 0.352191, 0.05, 979060
787, 0.376941, 0.048, 980305
788, 0.374254, 0.049, 981549
789, 0.361872, 0.045, 982794
790, 0.36779, 0.052, 984038
791, 0.36068, 0.053, 985283
792, 0.359727, 0.051, 986528
793, 0.366626, 0.052, 987772
794, 0.344443, 0.049, 989017
795, 0.331585, 0.046, 990262
796, 0.339486, 0.048, 991506
797, 0.34855, 0.049, 992751
798, 0.334526, 0.046, 993995
799, 0.376509, 0.053, 995240
800, 0.472332, 0.059, 996485
801, 0.401446, 0.05, 997729
802, 0.410892, 0.051, 998974
803, 0.391199, 0.048, 1000218
804, 0.410989, 0.05, 1001463
805, 0.377643, 0.051, 1002708
806, 0.37486, 0.05, 1003952
807, 0.377826, 0.051, 1005197
808, 0.376756, 0.05, 1006442
809, 0.37496, 0.05, 1007686
810, 0.344139, 0.044, 1008931
811, 0.348953, 0.046, 1010175
812, 0.355295, 0.049, 1011420
813, 0.352835, 0.047, 1012664
814, 0.350085, 0.049, 1013910
815, 0.349567, 0.047, 1015155
816, 0.359972, 0.05, 1016399
817, 0.349854, 0.05, 1017644
818, 0.339902, 0.045, 1018889
819, 0.349488, 0.044, 1020133
820, 0.349027, 0.039, 1021378
821, 0.332483, 0.043, 1022623
822, 0.320437, 0.039, 1023868
823, 0.324195, 0.042, 1025112
824, 0.362137, 0.049, 1026357
825, 0.344574, 0.046, 1027603
826, 0.332748, 0.043, 1028847
827, 0.318248, 0.039, 1030092
828, 0.318629, 0.042, 1031337
829, 0.313399, 0.045, 1032582
830, 0.312019, 0.044, 1033826
831, 0.29687, 0.042, 1035071
832, 0.304175, 0.04, 1036316
833, 0.294739, 0.039, 1037561
834, 0.349712, 0.048, 1038805
835, 0.306844, 0.039, 1040050
836, 0.314435, 0.041, 1041295
837, 0.304383, 0.04, 1042540
838, 0.306185, 0.043, 1043784
839, 0.303111, 0.039, 1045029
840, 0.293705, 0.039, 1046274
841, 0.304383, 0.04, 1047519
842, 0.301212, 0.04, 1048763
843, 0.295879, 0.039, 1050008
844, 0.308674, 0.04, 1051253
845, 0.303604, 0.04, 1052497
846, 0.303043, 0.038, 1053742
847, 0.307378, 0.039, 1054987
848, 0.30367, 0.039, 1056231
849, 0.308795, 0.041, 1057476
850, 0.312737, 0.042, 1058721
851, 0.307774, 0.042, 1059965
852, 0.309512, 0.041, 1061210
853, 0.317093, 0.046, 1062455
854, 0.315083, 0.043, 1063699
855, 0.302946, 0.044, 1064944
856, 0.305355, 0.044, 1066189
857, 0.293388, 0.041, 1067433
858, 0.298791, 0.044, 1068678
859, 0.288101, 0.042, 1069923
860, 0.283741, 0.042, 1071168
861, 0.277776, 0.042, 1072412
862, 0.27599, 0.039, 1073658
863, 0.29069, 0.042, 1074913
864, 0.294632, 0.042, 1076157
865, 0.293975, 0.035, 1077402
866, 0.288729, 0.033, 1078647
867, 0.288638, 0.036, 1079891
868, 0.293506, 0.037, 1081136
869, 0.296998, 0.042, 1082381
870, 0.292952, 0.04, 1083626
871, 0.296192, 0.04, 1084871
872, 0.296703, 0.038, 1086115
873, 0.295667, 0.038, 1087360
874, 0.294141, 0.037, 1088605
875, 0.296309, 0.038, 1089850
876, 0.301922, 0.038, 1091094
877, 0.305939, 0.036, 1092339
878, 0.312321, 0.037, 1093584
879, 0.324097, 0.037, 1094829
880, 0.303751, 0.035, 1096073
881, 0.311322, 0.037, 1097318
882, 0.316218, 0.037, 1098563
883, 0.378969, 0.038, 1099807
884, 0.355091, 0.036, 1101052
885, 0.33819, 0.037, 1102297
886, 0.323456, 0.038, 1103542
887, 0.312442, 0.036, 1104786
888, 0.313378, 0.035, 1106031
889, 0.315228, 0.035, 1107276
890, 0.329416, 0.037, 1108520
891, 0.336125, 0.039, 1109765
892, 0.334937, 0.043, 1111010
893, 0.319124, 0.043, 1112254
894, 0.321645, 0.043, 1113499
895, 0.317461, 0.042, 1114744
896, 0.330233, 0.043, 1115989
897, 0.352448, 0.039, 1117233
898, 0.351641, 0.044, 1118478
899, 0.330038, 0.042, 1119723
900, 0.315638, 0.04, 1120968
901, 0.351366, 0.05, 1122213
902, 0.337393, 0.05, 1123457
903, 0.322033, 0.045, 1124702
904, 0.31414, 0.038, 1125947
905, 0.316614, 0.037, 1127192
906, 0.305997, 0.039, 1128436
907, 0.308631, 0.04, 1129681
908, 0.304004, 0.037, 1130926
909, 0.305422, 0.038, 1132170
910, 0.307117, 0.037, 1133415
911, 0.290282, 0.033, 1134661
912, 0.287724, 0.033, 1135905
913, 0.294206, 0.032, 1137150
914, 0.271001, 0.03, 1138395
915, 0.260273, 0.028, 1139639
916, 0.260821, 0.028, 1140884
917, 0.273352, 0.035, 1142129
918, 0.244673, 0.026, 1143373
919, 0.256567, 0.027, 1144618
920, 0.247238, 0.024, 1145863
921, 0.253824, 0.028, 1147108
922, 0.264932, 0.029, 1148353
923, 0.255675, 0.032, 1149597
924, 0.247751, 0.03, 1150842
925, 0.233111, 0.027, 1152087
926, 0.31751, 0.035, 1153332
927, 0.307969, 0.035, 1154576
928, 0.316038, 0.035, 1155821
929, 0.297225, 0.039, 1157066
930, 0.324694, 0.041, 1158311
931, 0.289264, 0.038, 1159555
932, 0.300175, 0.037, 1160800
933, 0.29548, 0.041, 1162045
934, 0.285714, 0.036, 1163290
935, 0.267868, 0.035, 1164534
936, 0.297523, 0.037, 1165779
937, 0.273282, 0.034, 1167024
938, 0.273899, 0.036, 1168268
939, 0.282815, 0.038, 1169513
940, 0.27772, 0.039, 1170758
941, 0.295102, 0.042, 1172003
942, 0.295685, 0.037, 1173248
943, 0.271409, 0.039, 1174493
944, 0.294981, 0.041, 1175737
945, 0.269399, 0.037, 1176982
946, 0.268019, 0.035, 1178227
947, 0.280128, 0.038, 1179471
948, 0.280317, 0.036, 1180716
949, 0.265043, 0.032, 1181961
950, 0.264044, 0.031, 1183206
951, 0.249748, 0.03, 1184451
952, 0.255, 0.031, 1185695
953, 0.246061, 0.03, 1186940
954, 0.245464, 0.033, 1188185
955, 0.242358, 0.03, 1189430
956, 0.24475, 0.032, 1190675
957, 0.255184, 0.032, 1191919
958, 0.231329, 0.033, 1193164
959, 0.228577, 0.03, 1194410
960, 0.233786, 0.028, 1195654
961, 0.226535, 0.028, 1196899
962, 0.231287, 0.028, 1198144
963, 0.241295, 0.028, 1199389
964, 0.239744, 0.026, 1200633
965, 0.271675, 0.032, 1201878
966, 0.276477, 0.031, 1203123
967, 0.269686, 0.033, 1204368
968, 0.255796, 0.031, 1205613
969, 0.257772, 0.031, 1206858
970, 0.266126, 0.034, 1208102
971, 0.248275, 0.029, 1209347
972, 0.257483, 0.028, 1210592
973, 0.24647, 0.027, 1211837
974, 0.265379, 0.029, 1213081
975, 0.272226, 0.029, 1214326
976, 0.274228, 0.03, 1215571
977, 0.268233, 0.031, 1216816
978, 0.269103, 0.031, 1218061
979, 0.266292, 0.031, 1219305
980, 0.263854, 0.03, 1220550
981, 0.288391, 0.035, 1221795
982, 0.27032, 0.031, 1223040
983, 0.275039, 0.032, 1224284
984, 0.288188, 0.035, 1225529
985, 0.284002, 0.035, 1226774
986, 0.276853, 0.033, 1228019
987, 0.272927, 0.034, 1229264
988, 0.2985, 0.036, 1230508
989, 0.285837, 0.035, 1231753
990, 0.268201, 0.034, 1232998
991, 0.280755, 0.036, 1234243
992, 0.280199, 0.032, 1235488
993, 0.292117, 0.038, 1236732
994, 0.287901, 0.036, 1237977
995, 0.290471, 0.038, 1239222
996, 0.278505, 0.038, 1240467
997, 0.283891, 0.039, 1241711
998, 0.279623, 0.035, 1242956
999, 0.270718, 0.031, 1244201
1000, 0.28575, 0.034, 1245446
