epoch, cross_entropy, error, time
1, 45.7052, 0.928, 611
2, 8.07572, 0.837, 1236
3, 6.35668, 0.73, 1861
4, 4.69577, 0.639, 2486
5, 4.12286, 0.613, 3110
6, 4.11332, 0.645, 3735
7, 3.30554, 0.601, 4360
8, 3.37054, 0.57, 4985
9, 2.86034, 0.537, 5610
10, 2.72218, 0.539, 6235
11, 2.53879, 0.5, 6860
12, 2.51053, 0.484, 7485
13, 2.52843, 0.486, 8110
14, 2.51604, 0.475, 8735
15, 2.3257, 0.437, 9359
16, 2.16787, 0.42, 9984
17, 2.15552, 0.416, 10609
18, 2.1651, 0.428, 11234
19, 2.33316, 0.47, 11859
20, 2.33967, 0.489, 12484
21, 2.24082, 0.475, 13109
22, 2.11385, 0.433, 13734
23, 2.28623, 0.466, 14359
24, 2.21557, 0.433, 14984
25, 2.20799, 0.444, 15609
26, 2.13426, 0.439, 16234
27, 2.1527, 0.441, 16859
28, 2.24372, 0.433, 17483
29, 2.15116, 0.432, 18108
30, 2.15156, 0.425, 18733
31, 2.07121, 0.411, 19358
32, 2.01468, 0.401, 19983
33, 1.92826, 0.378, 20608
34, 1.92566, 0.384, 21233
35, 1.97814, 0.396, 21857
36, 1.96116, 0.41, 22482
37, 1.96864, 0.412, 23107
38, 1.92054, 0.388, 23732
39, 1.84516, 0.37, 24356
40, 1.87163, 0.362, 24981
41, 1.83019, 0.356, 25606
42, 1.77293, 0.338, 26231
43, 1.7377, 0.345, 26856
44, 1.71551, 0.343, 27481
45, 1.67601, 0.339, 28105
46, 1.64597, 0.325, 28730
47, 1.66794, 0.328, 29355
48, 1.75108, 0.362, 29980
49, 1.69857, 0.348, 30605
50, 1.67371, 0.332, 31229
51, 1.64014, 0.328, 31854
52, 1.61641, 0.328, 32479
53, 1.58347, 0.313, 33104
54, 1.5722, 0.304, 33729
55, 1.59318, 0.311, 34353
56, 1.55654, 0.305, 34978
57, 1.49693, 0.28, 35603
58, 1.49389, 0.279, 36228
59, 1.43804, 0.265, 36853
60, 1.44077, 0.273, 37477
61, 1.44196, 0.267, 38102
62, 1.46589, 0.271, 38727
63, 1.44608, 0.268, 39352
64, 1.46162, 0.269, 39977
65, 1.52622, 0.284, 40601
66, 1.56672, 0.292, 41226
67, 1.57028, 0.272, 41851
68, 1.51687, 0.279, 42476
69, 1.5831, 0.301, 43100
70, 1.54526, 0.308, 43725
71, 1.49836, 0.299, 44350
72, 1.47811, 0.294, 44975
73, 1.44486, 0.289, 45599
74, 1.50188, 0.304, 46224
75, 1.48711, 0.301, 46849
76, 1.44984, 0.286, 47474
77, 1.42261, 0.283, 48099
78, 1.40992, 0.276, 48723
79, 1.52101, 0.306, 49348
80, 1.48494, 0.293, 49973
81, 1.47335, 0.296, 50598
82, 1.4683, 0.296, 51222
83, 1.60608, 0.301, 51847
84, 1.56575, 0.3, 52472
85, 1.51789, 0.3, 53097
86, 1.48617, 0.291, 53722
87, 1.41743, 0.272, 54346
88, 1.43291, 0.277, 54971
89, 1.41145, 0.274, 55596
90, 1.3579, 0.259, 56221
91, 1.33907, 0.256, 56845
92, 1.33495, 0.252, 57470
93, 1.30191, 0.255, 58095
94, 1.29985, 0.253, 58720
95, 1.31507, 0.26, 59344
96, 1.2867, 0.255, 59969
97, 1.29002, 0.252, 60594
98, 1.27052, 0.241, 61219
99, 1.29437, 0.244, 61844
100, 1.26691, 0.24, 62468
101, 1.30653, 0.253, 63093
102, 1.35847, 0.249, 63718
103, 1.35803, 0.245, 64343
104, 1.41513, 0.266, 64968
105, 1.35432, 0.265, 65592
106, 1.32252, 0.256, 66217
107, 1.24921, 0.229, 66842
108, 1.22728, 0.218, 67467
109, 1.22253, 0.22, 68091
110, 1.20636, 0.22, 68716
111, 1.22921, 0.221, 69341
112, 1.23061, 0.215, 69966
113, 1.18409, 0.208, 70591
114, 1.15611, 0.204, 71216
115, 1.13878, 0.209, 71841
116, 1.12288, 0.207, 72465
117, 1.11349, 0.203, 73090
118, 1.10446, 0.195, 73715
119, 1.06841, 0.193, 74340
120, 1.07749, 0.192, 74965
121, 1.13327, 0.197, 75603
122, 1.12912, 0.205, 76228
123, 1.05911, 0.188, 76853
124, 1.04442, 0.186, 77478
125, 1.03118, 0.182, 78103
126, 1.02464, 0.18, 78727
127, 1.0093, 0.179, 79352
128, 1.05561, 0.193, 79977
129, 1.05853, 0.188, 80602
130, 1.06767, 0.19, 81226
131, 1.04842, 0.187, 81852
132, 1.04352, 0.178, 82476
133, 1.0515, 0.176, 83101
134, 1.06345, 0.19, 83726
135, 1.25563, 0.22, 84351
136, 1.19875, 0.219, 84975
137, 1.1328, 0.21, 85600
138, 1.11687, 0.203, 86225
139, 1.09293, 0.2, 86850
140, 1.06766, 0.195, 87474
141, 1.05518, 0.183, 88099
142, 1.04184, 0.187, 88724
143, 1.01397, 0.183, 89349
144, 1.00771, 0.185, 89974
145, 1.00047, 0.184, 90599
146, 0.99245, 0.182, 91224
147, 0.978752, 0.175, 91848
148, 0.996517, 0.18, 92473
149, 1.01116, 0.181, 93098
150, 1.00128, 0.18, 93723
151, 1.00936, 0.179, 94347
152, 1.01874, 0.185, 94972
153, 1.11969, 0.203, 95597
154, 1.15994, 0.218, 96222
155, 1.13264, 0.206, 96847
156, 1.09346, 0.193, 97472
157, 1.08764, 0.193, 98096
158, 1.06745, 0.192, 98721
159, 1.04042, 0.186, 99346
160, 1.00879, 0.18, 99971
161, 0.980893, 0.171, 100596
162, 0.975938, 0.169, 101220
163, 0.96157, 0.163, 101846
164, 0.934935, 0.158, 102470
165, 1.02772, 0.184, 103095
166, 1.03366, 0.173, 103720
167, 1.00582, 0.169, 104345
168, 1.00367, 0.174, 104970
169, 0.987904, 0.168, 105595
170, 0.964356, 0.167, 106220
171, 0.967118, 0.17, 106844
172, 0.990309, 0.178, 107469
173, 0.977984, 0.173, 108094
174, 0.957164, 0.172, 108719
175, 0.939695, 0.167, 109343
176, 0.95956, 0.169, 109969
177, 0.947512, 0.166, 110593
178, 0.935911, 0.159, 111218
179, 0.93244, 0.164, 111843
180, 0.923983, 0.164, 112468
181, 0.921237, 0.159, 113093
182, 0.918717, 0.155, 113718
183, 0.903838, 0.15, 114343
184, 0.890757, 0.142, 114967
185, 0.922618, 0.156, 115592
186, 0.924481, 0.161, 116217
187, 0.921048, 0.162, 116843
188, 0.922905, 0.167, 117467
189, 0.968631, 0.179, 118092
190, 0.964822, 0.182, 118716
191, 0.951815, 0.175, 119340
192, 0.938822, 0.179, 119965
193, 0.909775, 0.169, 120589
194, 0.901137, 0.169, 121214
195, 0.89627, 0.165, 121838
196, 0.879762, 0.164, 122462
197, 0.887873, 0.162, 123087
198, 0.879014, 0.163, 123711
199, 0.858302, 0.153, 124335
200, 0.848669, 0.145, 124960
201, 0.896522, 0.157, 125584
202, 0.915868, 0.172, 126208
203, 0.90992, 0.173, 126833
204, 0.912606, 0.171, 127457
205, 0.906237, 0.17, 128081
206, 0.911517, 0.161, 128706
207, 0.911196, 0.157, 129330
208, 0.88468, 0.151, 129955
209, 0.871287, 0.151, 130579
210, 0.857011, 0.143, 131203
211, 0.847896, 0.141, 131828
212, 0.839057, 0.14, 132452
213, 0.830708, 0.138, 133076
214, 0.841499, 0.139, 133701
215, 0.844785, 0.139, 134325
216, 0.850775, 0.138, 134949
217, 0.839583, 0.136, 135575
218, 0.835077, 0.135, 136199
219, 0.825653, 0.138, 136823
220, 0.84717, 0.144, 137447
221, 0.86645, 0.151, 138072
222, 0.866721, 0.151, 138696
223, 0.85628, 0.15, 139320
224, 0.858492, 0.146, 139944
225, 0.852978, 0.149, 140569
226, 0.840396, 0.147, 141193
227, 0.855361, 0.149, 141817
228, 0.839492, 0.149, 142441
229, 0.837277, 0.147, 143065
230, 0.831309, 0.142, 143690
231, 0.849861, 0.147, 144314
232, 0.848848, 0.145, 144938
233, 0.83906, 0.146, 145562
234, 0.851977, 0.15, 146186
235, 0.849511, 0.153, 146811
236, 0.856182, 0.16, 147435
237, 0.86526, 0.157, 148059
238, 0.851183, 0.144, 148683
239, 0.858056, 0.147, 149308
240, 0.893119, 0.164, 149932
241, 0.892584, 0.163, 150556
242, 0.891754, 0.157, 151180
243, 0.923024, 0.163, 151805
244, 0.91316, 0.166, 152429
245, 1.0019, 0.161, 153053
246, 0.965126, 0.155, 153677
247, 0.947991, 0.157, 154302
248, 0.918613, 0.147, 154926
249, 0.904231, 0.148, 155550
250, 0.885828, 0.147, 156174
251, 0.861624, 0.148, 156798
252, 0.847426, 0.146, 157423
253, 0.834496, 0.146, 158047
254, 0.815351, 0.138, 158671
255, 0.794736, 0.129, 159295
256, 0.788775, 0.128, 159919
257, 0.791478, 0.129, 160544
258, 0.77821, 0.127, 161168
259, 0.779683, 0.128, 161792
260, 0.807179, 0.126, 162417
261, 0.792277, 0.121, 163041
262, 0.779504, 0.12, 163665
263, 0.77855, 0.122, 164289
264, 0.776335, 0.127, 164913
265, 0.765857, 0.126, 165537
266, 0.769443, 0.119, 166162
267, 0.789137, 0.12, 166786
268, 0.771007, 0.124, 167410
269, 0.776998, 0.129, 168034
270, 0.764525, 0.124, 168659
271, 0.751468, 0.121, 169283
272, 0.739054, 0.119, 169907
273, 0.734562, 0.118, 170531
274, 0.73182, 0.123, 171156
275, 0.738663, 0.123, 171780
276, 0.727701, 0.116, 172404
277, 0.741528, 0.123, 173028
278, 0.74594, 0.117, 173652
279, 0.743688, 0.119, 174277
280, 0.739586, 0.115, 174906
281, 0.731796, 0.116, 175530
282, 0.728973, 0.112, 176154
283, 0.716559, 0.11, 176778
284, 0.700217, 0.107, 177402
285, 0.696577, 0.103, 178027
286, 0.687355, 0.1, 178650
287, 0.686856, 0.104, 179275
288, 0.736827, 0.113, 179899
289, 0.730628, 0.109, 180523
290, 0.726926, 0.108, 181147
291, 0.722215, 0.11, 181772
292, 0.715247, 0.111, 182396
293, 0.69888, 0.105, 183020
294, 0.693285, 0.107, 183644
295, 0.69021, 0.105, 184268
296, 0.690591, 0.108, 184893
297, 0.719861, 0.119, 185517
298, 0.70751, 0.114, 186141
299, 0.700547, 0.109, 186765
300, 0.706393, 0.114, 187390
301, 0.700841, 0.113, 188014
302, 0.697141, 0.115, 188638
303, 0.799955, 0.139, 189262
304, 0.856378, 0.14, 189886
305, 0.822929, 0.133, 190510
306, 0.817631, 0.13, 191134
307, 0.804365, 0.129, 191759
308, 0.793112, 0.127, 192383
309, 0.782158, 0.124, 193007
310, 0.766862, 0.124, 193632
311, 0.777576, 0.121, 194256
312, 0.781053, 0.119, 194880
313, 0.773909, 0.117, 195505
314, 0.763399, 0.111, 196129
315, 0.744122, 0.11, 196753
316, 0.733084, 0.106, 197378
317, 0.715109, 0.107, 198002
318, 0.719471, 0.105, 198627
319, 0.719776, 0.109, 199251
320, 0.715529, 0.111, 199875
321, 0.737852, 0.122, 200499
322, 0.721052, 0.121, 201123
323, 0.70846, 0.115, 201748
324, 0.70206, 0.115, 202372
325, 0.716352, 0.118, 202996
326, 0.739312, 0.119, 203620
327, 0.740061, 0.121, 204245
328, 0.734704, 0.119, 204869
329, 0.739033, 0.122, 205493
330, 0.721619, 0.122, 206118
331, 0.711867, 0.121, 206742
332, 0.707932, 0.121, 207366
333, 0.697555, 0.121, 207990
334, 0.687327, 0.122, 208615
335, 0.686484, 0.122, 209239
336, 0.68878, 0.12, 209863
337, 0.693707, 0.117, 210488
338, 0.683171, 0.116, 211112
339, 0.678298, 0.114, 211736
340, 0.820658, 0.133, 212360
341, 0.814609, 0.134, 212984
342, 0.791829, 0.13, 213608
343, 0.776805, 0.128, 214233
344, 0.763079, 0.128, 214857
345, 0.753902, 0.127, 215481
346, 0.730915, 0.118, 216106
347, 0.72252, 0.115, 216730
348, 0.725669, 0.115, 217354
349, 0.715144, 0.116, 217979
350, 0.703542, 0.115, 218603
351, 0.695951, 0.116, 219227
352, 0.700386, 0.115, 219851
353, 0.736546, 0.123, 220475
354, 0.729721, 0.123, 221100
355, 0.722885, 0.121, 221724
356, 0.723834, 0.122, 222348
357, 0.71861, 0.121, 222972
358, 0.707239, 0.12, 223596
359, 0.690186, 0.114, 224221
360, 0.68031, 0.114, 224845
361, 0.682189, 0.114, 225469
362, 0.678261, 0.112, 226093
363, 0.67564, 0.11, 226717
364, 0.671252, 0.108, 227342
365, 0.66462, 0.107, 227966
366, 0.669597, 0.109, 228590
367, 0.667558, 0.108, 229214
368, 0.711582, 0.112, 229839
369, 0.79381, 0.122, 230463
370, 0.783014, 0.128, 231087
371, 0.772807, 0.127, 231711
372, 0.760569, 0.13, 232336
373, 0.753228, 0.129, 232960
374, 0.742289, 0.124, 233584
375, 0.748753, 0.133, 234209
376, 0.738701, 0.129, 234833
377, 0.729357, 0.131, 235457
378, 0.720949, 0.127, 236081
379, 0.711688, 0.123, 236706
380, 0.716847, 0.124, 237330
381, 0.695932, 0.124, 237954
382, 0.721056, 0.123, 238578
383, 0.747869, 0.121, 239202
384, 0.736446, 0.124, 239827
385, 0.731657, 0.124, 240451
386, 0.7234, 0.115, 241075
387, 0.711728, 0.115, 241699
388, 0.719741, 0.118, 242324
389, 0.760564, 0.129, 242948
390, 0.762881, 0.134, 243572
391, 0.738762, 0.126, 244196
392, 0.763364, 0.134, 244820
393, 0.766886, 0.135, 245445
394, 0.767103, 0.134, 246069
395, 0.734696, 0.128, 246693
396, 0.720878, 0.123, 247317
397, 0.711679, 0.119, 247941
398, 0.710353, 0.125, 248566
399, 0.704852, 0.12, 249190
400, 0.697086, 0.125, 249814
401, 0.684802, 0.119, 250438
402, 0.687392, 0.118, 251062
403, 0.693187, 0.119, 251687
404, 0.686486, 0.119, 252311
405, 0.679766, 0.115, 252935
406, 0.739729, 0.118, 253559
407, 0.73376, 0.115, 254183
408, 0.731844, 0.111, 254807
409, 0.728934, 0.116, 255433
410, 0.757686, 0.122, 256057
411, 0.742631, 0.122, 256681
412, 0.813486, 0.136, 257306
413, 0.812564, 0.133, 257930
414, 0.793984, 0.137, 258554
415, 0.776616, 0.133, 259179
416, 0.763838, 0.13, 259803
417, 0.759291, 0.129, 260427
418, 0.740607, 0.126, 261052
419, 0.726787, 0.126, 261676
420, 0.718954, 0.127, 262300
421, 0.721181, 0.124, 262924
422, 0.710022, 0.124, 263548
423, 0.6985, 0.122, 264172
424, 0.702665, 0.121, 264797
425, 0.690731, 0.115, 265421
426, 0.696129, 0.116, 266045
427, 0.691611, 0.115, 266669
428, 0.737016, 0.129, 267293
429, 0.739804, 0.128, 267918
430, 0.728092, 0.124, 268542
431, 0.722354, 0.126, 269167
432, 0.71909, 0.12, 269791
433, 0.714334, 0.119, 270415
434, 0.715295, 0.114, 271039
435, 0.71729, 0.116, 271664
436, 0.706701, 0.113, 272288
437, 0.726486, 0.121, 272912
438, 0.781675, 0.13, 273536
439, 0.759349, 0.123, 274161
440, 0.740995, 0.121, 274785
441, 0.731226, 0.121, 275409
442, 0.724815, 0.117, 276033
443, 0.716844, 0.114, 276658
444, 0.743917, 0.126, 277282
445, 0.757211, 0.13, 277906
446, 0.752928, 0.131, 278530
447, 0.749784, 0.131, 279155
448, 0.749521, 0.134, 279779
449, 0.739934, 0.133, 280403
450, 0.736335, 0.131, 281027
451, 0.764346, 0.141, 281651
452, 0.758819, 0.141, 282276
453, 0.758091, 0.14, 282900
454, 0.765934, 0.142, 283524
455, 0.760927, 0.143, 284148
456, 0.757779, 0.142, 284772
457, 0.760502, 0.142, 285396
458, 0.770578, 0.149, 286021
459, 0.786072, 0.145, 286645
460, 0.780886, 0.146, 287269
461, 0.761427, 0.139, 287893
462, 0.753598, 0.132, 288518
463, 0.751385, 0.139, 289142
464, 0.73884, 0.137, 289766
465, 0.760289, 0.13, 290390
466, 0.76897, 0.128, 291015
467, 0.777107, 0.138, 291639
468, 0.766755, 0.138, 292263
469, 0.7542, 0.134, 292887
470, 0.747022, 0.136, 293511
471, 0.732826, 0.13, 294135
472, 0.732964, 0.126, 294760
473, 0.729224, 0.128, 295384
474, 0.721786, 0.127, 296008
475, 0.717409, 0.126, 296632
476, 0.711475, 0.128, 297257
477, 0.693379, 0.121, 297881
478, 0.686579, 0.116, 298505
479, 0.678847, 0.115, 299129
480, 0.664141, 0.108, 299753
481, 0.684224, 0.109, 300378
482, 0.678903, 0.11, 301002
483, 0.672156, 0.111, 301626
484, 0.670106, 0.111, 302250
485, 0.668847, 0.109, 302874
486, 0.674141, 0.111, 303499
487, 0.660243, 0.108, 304123
488, 0.662982, 0.111, 304747
489, 0.655235, 0.109, 305371
490, 0.644199, 0.105, 305995
491, 0.646965, 0.106, 306620
492, 0.648393, 0.103, 307244
493, 0.649933, 0.104, 307868
494, 0.655022, 0.104, 308492
495, 0.653882, 0.104, 309117
496, 0.66146, 0.107, 309741
497, 0.663837, 0.111, 310365
498, 0.661142, 0.106, 310989
499, 0.666117, 0.111, 311613
500, 0.662641, 0.112, 312238
501, 0.665855, 0.113, 312862
502, 0.681585, 0.117, 313486
503, 0.685253, 0.108, 314110
504, 0.675351, 0.105, 314735
505, 0.669129, 0.108, 315359
506, 0.673638, 0.111, 315984
507, 0.662922, 0.11, 316608
508, 0.65621, 0.108, 317232
509, 0.659794, 0.113, 317857
510, 0.657818, 0.113, 318481
511, 0.669021, 0.113, 319105
512, 0.670924, 0.111, 319729
513, 0.6778, 0.113, 320353
514, 0.6686, 0.112, 320977
515, 0.673631, 0.112, 321602
516, 0.673009, 0.112, 322226
517, 0.664286, 0.11, 322851
518, 0.662526, 0.109, 323475
519, 0.663583, 0.112, 324100
520, 0.655905, 0.111, 324724
521, 0.641728, 0.109, 325348
522, 0.647984, 0.11, 325972
523, 0.645691, 0.11, 326596
524, 0.6383, 0.109, 327221
525, 0.631749, 0.109, 327845
526, 0.630072, 0.108, 328469
527, 0.628474, 0.108, 329093
528, 0.627948, 0.109, 329717
529, 0.618966, 0.107, 330341
530, 0.612473, 0.106, 330965
531, 0.61365, 0.104, 331590
532, 0.604682, 0.102, 332214
533, 0.607763, 0.103, 332838
534, 0.604019, 0.103, 333462
535, 0.611796, 0.105, 334086
536, 0.622247, 0.106, 334710
537, 0.621744, 0.111, 335335
538, 0.627422, 0.112, 335959
539, 0.633641, 0.112, 336583
540, 0.625166, 0.109, 337207
541, 0.610496, 0.104, 337831
542, 0.606314, 0.104, 338455
543, 0.621276, 0.103, 339079
544, 0.616049, 0.106, 339704
545, 0.615485, 0.107, 340328
546, 0.609075, 0.107, 340952
547, 0.62499, 0.111, 341576
548, 0.617105, 0.11, 342200
549, 0.62009, 0.106, 342825
550, 0.608685, 0.103, 343449
551, 0.607339, 0.106, 344073
552, 0.601257, 0.102, 344697
553, 0.593737, 0.1, 345321
554, 0.591629, 0.098, 345945
555, 0.596853, 0.1, 346570
556, 0.596442, 0.109, 347194
557, 0.59195, 0.102, 347818
558, 0.590481, 0.101, 348442
559, 0.589871, 0.1, 349066
560, 0.585422, 0.097, 349690
561, 0.582871, 0.097, 350314
562, 0.579392, 0.097, 350939
563, 0.577779, 0.098, 351563
564, 0.576395, 0.098, 352187
565, 0.572684, 0.097, 352814
566, 0.573524, 0.095, 353438
567, 0.573567, 0.094, 354062
568, 0.586866, 0.099, 354686
569, 0.57805, 0.091, 355310
570, 0.558358, 0.088, 355934
571, 0.559377, 0.086, 356558
572, 0.551883, 0.087, 357182
573, 0.543144, 0.083, 357806
574, 0.540828, 0.082, 358431
575, 0.538846, 0.083, 359055
576, 0.536082, 0.085, 359679
577, 0.54551, 0.087, 360303
578, 0.543628, 0.088, 360927
579, 0.53339, 0.088, 361551
580, 0.525685, 0.089, 362176
581, 0.523463, 0.089, 362800
582, 0.520797, 0.088, 363424
583, 0.519625, 0.085, 364048
584, 0.512467, 0.086, 364672
585, 0.515842, 0.086, 365296
586, 0.51337, 0.084, 365920
587, 0.520216, 0.086, 366545
588, 0.542115, 0.088, 367169
589, 0.52596, 0.083, 367793
590, 0.522922, 0.081, 368417
591, 0.523174, 0.08, 369041
592, 0.532364, 0.086, 369665
593, 0.531579, 0.087, 370290
594, 0.532225, 0.086, 370914
595, 0.528186, 0.085, 371538
596, 0.520096, 0.086, 372162
597, 0.514981, 0.086, 372786
598, 0.517159, 0.086, 373410
599, 0.514541, 0.085, 374035
600, 0.512115, 0.084, 374659
601, 0.508213, 0.082, 375284
602, 0.504893, 0.084, 375908
603, 0.504442, 0.086, 376533
604, 0.500489, 0.085, 377156
605, 0.497399, 0.084, 377781
606, 0.502585, 0.088, 378405
607, 0.498446, 0.088, 379029
608, 0.526225, 0.088, 379653
609, 0.534918, 0.086, 380278
610, 0.544742, 0.093, 380902
611, 0.542279, 0.095, 381526
612, 0.533454, 0.092, 382150
613, 0.522496, 0.091, 382774
614, 0.517894, 0.091, 383399
615, 0.513765, 0.091, 384023
616, 0.518002, 0.093, 384647
617, 0.511796, 0.092, 385271
618, 0.518703, 0.089, 385896
619, 0.535556, 0.088, 386520
620, 0.530513, 0.087, 387144
621, 0.525886, 0.084, 387768
622, 0.52272, 0.084, 388393
623, 0.524635, 0.084, 389017
624, 0.521653, 0.086, 389641
625, 0.517988, 0.084, 390265
626, 0.51202, 0.08, 390889
627, 0.509252, 0.081, 391514
628, 0.511797, 0.08, 392138
629, 0.50291, 0.078, 392762
630, 0.508753, 0.081, 393386
631, 0.517447, 0.083, 394011
632, 0.520919, 0.088, 394635
633, 0.515569, 0.087, 395259
634, 0.506345, 0.085, 395883
635, 0.504425, 0.084, 396507
636, 0.503971, 0.084, 397132
637, 0.497992, 0.083, 397756
638, 0.493582, 0.082, 398380
639, 0.505289, 0.084, 399004
640, 0.49331, 0.085, 399628
641, 0.494451, 0.084, 400252
642, 0.493302, 0.085, 400876
643, 0.5133, 0.088, 401501
644, 0.520615, 0.087, 402125
645, 0.516482, 0.084, 402749
646, 0.528478, 0.086, 403373
647, 0.524762, 0.086, 403997
648, 0.51759, 0.084, 404621
649, 0.508675, 0.084, 405246
650, 0.52541, 0.087, 405870
651, 0.548229, 0.091, 406494
652, 0.537335, 0.088, 407118
653, 0.547964, 0.085, 407742
654, 0.543421, 0.085, 408367
655, 0.539483, 0.083, 408991
656, 0.530697, 0.081, 409615
657, 0.526427, 0.083, 410239
658, 0.526168, 0.087, 410863
659, 0.525805, 0.085, 411487
660, 0.519654, 0.081, 412111
661, 0.528231, 0.083, 412736
662, 0.527258, 0.086, 413360
663, 0.520219, 0.082, 413984
664, 0.522859, 0.082, 414608
665, 0.520162, 0.082, 415232
666, 0.526648, 0.082, 415857
667, 0.515021, 0.081, 416481
668, 0.543849, 0.083, 417105
669, 0.554147, 0.082, 417729
670, 0.566645, 0.089, 418353
671, 0.556337, 0.088, 418977
672, 0.544672, 0.088, 419601
673, 0.544795, 0.087, 420226
674, 0.545153, 0.084, 420850
675, 0.539346, 0.084, 421474
676, 0.532058, 0.084, 422098
677, 0.524791, 0.082, 422723
678, 0.521577, 0.081, 423347
679, 0.519192, 0.082, 423971
680, 0.539877, 0.084, 424595
681, 0.558754, 0.088, 425219
682, 0.552313, 0.083, 425844
683, 0.554252, 0.087, 426468
684, 0.557695, 0.086, 427092
685, 0.554131, 0.085, 427716
686, 0.548455, 0.083, 428341
687, 0.562841, 0.086, 428965
688, 0.558254, 0.09, 429589
689, 0.552872, 0.089, 430213
690, 0.547618, 0.09, 430837
691, 0.548807, 0.094, 431461
692, 0.543046, 0.093, 432086
693, 0.525778, 0.088, 432710
694, 0.519927, 0.087, 433334
695, 0.516957, 0.088, 433958
696, 0.5135, 0.088, 434582
697, 0.510199, 0.089, 435207
698, 0.487391, 0.084, 435832
699, 0.48576, 0.081, 436456
700, 0.483366, 0.083, 437080
701, 0.478946, 0.083, 437704
702, 0.493995, 0.089, 438328
703, 0.536732, 0.089, 438953
704, 0.516734, 0.081, 439577
705, 0.51554, 0.081, 440201
706, 0.51502, 0.081, 440825
707, 0.507457, 0.08, 441450
708, 0.505851, 0.08, 442074
709, 0.514777, 0.086, 442698
710, 0.511085, 0.085, 443322
711, 0.512202, 0.085, 443947
712, 0.512403, 0.084, 444570
713, 0.51002, 0.083, 445195
714, 0.515113, 0.085, 445819
715, 0.511218, 0.083, 446443
716, 0.50601, 0.083, 447067
717, 0.498757, 0.078, 447691
718, 0.48664, 0.075, 448316
719, 0.494123, 0.076, 448940
720, 0.489801, 0.075, 449564
721, 0.48957, 0.076, 450188
722, 0.487059, 0.075, 450812
723, 0.483605, 0.075, 451436
724, 0.487306, 0.076, 452061
725, 0.483214, 0.077, 452685
726, 0.496627, 0.082, 453309
727, 0.500412, 0.08, 453933
728, 0.497847, 0.077, 454557
729, 0.492991, 0.078, 455181
730, 0.487622, 0.076, 455805
731, 0.488516, 0.078, 456429
732, 0.486591, 0.079, 457054
733, 0.484781, 0.075, 457678
734, 0.481543, 0.074, 458302
735, 0.485795, 0.076, 458926
736, 0.477736, 0.075, 459550
737, 0.475689, 0.075, 460174
738, 0.479535, 0.076, 460799
739, 0.503733, 0.078, 461423
740, 0.496504, 0.077, 462047
741, 0.493853, 0.077, 462671
742, 0.503976, 0.081, 463296
743, 0.528091, 0.086, 463920
744, 0.532499, 0.089, 464544
745, 0.540746, 0.092, 465168
746, 0.531008, 0.089, 465792
747, 0.533112, 0.09, 466417
748, 0.570474, 0.094, 467041
749, 0.54054, 0.088, 467665
750, 0.539578, 0.086, 468289
751, 0.546002, 0.091, 468913
752, 0.563947, 0.092, 469538
753, 0.558091, 0.093, 470162
754, 0.547761, 0.091, 470786
755, 0.540184, 0.091, 471410
756, 0.531218, 0.094, 472035
757, 0.525999, 0.09, 472659
758, 0.51461, 0.088, 473283
759, 0.506053, 0.085, 473907
760, 0.509771, 0.085, 474531
761, 0.512537, 0.086, 475156
762, 0.503575, 0.082, 475780
763, 0.496807, 0.082, 476404
764, 0.492231, 0.084, 477028
765, 0.491644, 0.083, 477653
766, 0.48912, 0.08, 478277
767, 0.486888, 0.08, 478901
768, 0.484818, 0.079, 479525
769, 0.50082, 0.083, 480149
770, 0.501811, 0.081, 480774
771, 0.498649, 0.079, 481398
772, 0.494466, 0.079, 482022
773, 0.490641, 0.079, 482646
774, 0.486015, 0.079, 483270
775, 0.496968, 0.077, 483894
776, 0.494735, 0.075, 484518
777, 0.495806, 0.074, 485143
778, 0.486833, 0.072, 485767
779, 0.495824, 0.072, 486391
780, 0.502697, 0.082, 487015
781, 0.511706, 0.079, 487639
782, 0.508408, 0.077, 488263
783, 0.521667, 0.082, 488887
784, 0.568063, 0.091, 489511
785, 0.573013, 0.096, 490135
786, 0.581935, 0.097, 490760
787, 0.584724, 0.097, 491384
788, 0.571621, 0.097, 492008
789, 0.569336, 0.096, 492632
790, 0.556223, 0.094, 493256
791, 0.545394, 0.094, 493880
792, 0.539759, 0.094, 494506
793, 0.531455, 0.09, 495131
794, 0.520429, 0.091, 495755
795, 0.510915, 0.085, 496379
796, 0.497886, 0.081, 497003
797, 0.49381, 0.081, 497628
798, 0.485495, 0.08, 498252
799, 0.48228, 0.079, 498876
800, 0.48345, 0.079, 499500
801, 0.489252, 0.082, 500124
802, 0.481313, 0.082, 500748
803, 0.47153, 0.08, 501372
804, 0.467986, 0.079, 501996
805, 0.542612, 0.093, 502621
806, 0.533997, 0.094, 503245
807, 0.530869, 0.093, 503869
808, 0.534589, 0.091, 504493
809, 0.534554, 0.089, 505117
810, 0.536, 0.09, 505741
811, 0.529909, 0.089, 506366
812, 0.545715, 0.096, 506990
813, 0.555228, 0.101, 507614
814, 0.542432, 0.097, 508238
815, 0.5299, 0.091, 508862
816, 0.527305, 0.092, 509486
817, 0.504947, 0.08, 510111
818, 0.514265, 0.085, 510734
819, 0.514, 0.082, 511359
820, 0.512765, 0.086, 511983
821, 0.498895, 0.079, 512607
822, 0.492762, 0.077, 513231
823, 0.488172, 0.076, 513856
824, 0.479118, 0.078, 514480
825, 0.483152, 0.076, 515104
826, 0.475159, 0.073, 515728
827, 0.471463, 0.072, 516352
828, 0.474253, 0.075, 516976
829, 0.476233, 0.077, 517601
830, 0.472194, 0.077, 518225
831, 0.473972, 0.077, 518849
832, 0.477114, 0.079, 519473
833, 0.471243, 0.078, 520097
834, 0.472619, 0.077, 520721
835, 0.467251, 0.075, 521346
836, 0.461765, 0.075, 521970
837, 0.459341, 0.072, 522594
838, 0.450455, 0.071, 523218
839, 0.447403, 0.072, 523842
840, 0.447157, 0.072, 524467
841, 0.445498, 0.073, 525091
842, 0.446926, 0.072, 525715
843, 0.447722, 0.072, 526339
844, 0.444363, 0.068, 526963
845, 0.450969, 0.068, 527587
846, 0.457252, 0.074, 528212
847, 0.45202, 0.072, 528836
848, 0.451462, 0.072, 529460
849, 0.447425, 0.067, 530085
850, 0.44528, 0.068, 530709
851, 0.448714, 0.071, 531333
852, 0.487128, 0.077, 531957
853, 0.505159, 0.077, 532581
854, 0.497388, 0.075, 533205
855, 0.510207, 0.081, 533829
856, 0.502999, 0.078, 534454
857, 0.498129, 0.08, 535078
858, 0.496683, 0.078, 535702
859, 0.491896, 0.079, 536326
860, 0.490746, 0.08, 536950
861, 0.484278, 0.082, 537574
862, 0.48735, 0.082, 538199
863, 0.479996, 0.081, 538823
864, 0.471657, 0.077, 539447
865, 0.461773, 0.074, 540071
866, 0.471065, 0.077, 540695
867, 0.46073, 0.074, 541320
868, 0.456586, 0.074, 541944
869, 0.453889, 0.073, 542568
870, 0.455469, 0.072, 543192
871, 0.474769, 0.074, 543816
872, 0.47368, 0.072, 544440
873, 0.469373, 0.076, 545065
874, 0.464271, 0.071, 545689
875, 0.459575, 0.069, 546313
876, 0.45028, 0.068, 546937
877, 0.442675, 0.066, 547561
878, 0.44306, 0.069, 548185
879, 0.440947, 0.068, 548809
880, 0.442908, 0.068, 549434
881, 0.441982, 0.069, 550058
882, 0.438521, 0.071, 550682
883, 0.433597, 0.07, 551306
884, 0.428731, 0.067, 551930
885, 0.425008, 0.066, 552554
886, 0.41895, 0.067, 553178
887, 0.419257, 0.068, 553803
888, 0.417438, 0.066, 554427
889, 0.41604, 0.067, 555052
890, 0.425808, 0.07, 555676
891, 0.420028, 0.068, 556300
892, 0.411368, 0.066, 556924
893, 0.410299, 0.065, 557548
894, 0.404513, 0.062, 558173
895, 0.402745, 0.063, 558797
896, 0.401224, 0.063, 559421
897, 0.397254, 0.063, 560045
898, 0.388849, 0.062, 560669
899, 0.389162, 0.061, 561293
900, 0.387162, 0.062, 561918
901, 0.389847, 0.062, 562542
902, 0.38554, 0.062, 563166
903, 0.391613, 0.06, 563790
904, 0.389856, 0.064, 564414
905, 0.393641, 0.062, 565038
906, 0.386698, 0.059, 565663
907, 0.376304, 0.056, 566287
908, 0.375243, 0.056, 566911
909, 0.380378, 0.059, 567535
910, 0.413318, 0.064, 568160
911, 0.409297, 0.063, 568784
912, 0.399291, 0.06, 569408
913, 0.392259, 0.057, 570032
914, 0.395365, 0.058, 570656
915, 0.391864, 0.057, 571280
916, 0.464396, 0.063, 571905
917, 0.439626, 0.06, 572529
918, 0.448256, 0.064, 573153
919, 0.541182, 0.076, 573777
920, 0.549026, 0.071, 574401
921, 0.533084, 0.068, 575025
922, 0.525689, 0.065, 575649
923, 0.509831, 0.063, 576274
924, 0.504113, 0.063, 576897
925, 0.491808, 0.06, 577522
926, 0.487694, 0.06, 578146
927, 0.484199, 0.056, 578770
928, 0.477613, 0.055, 579394
929, 0.473557, 0.057, 580018
930, 0.481228, 0.06, 580643
931, 0.466476, 0.055, 581267
932, 0.463088, 0.056, 581891
933, 0.456375, 0.052, 582515
934, 0.466964, 0.056, 583139
935, 0.457049, 0.056, 583764
936, 0.461184, 0.063, 584388
937, 0.455736, 0.062, 585012
938, 0.449919, 0.062, 585636
939, 0.447518, 0.062, 586260
940, 0.43562, 0.059, 586884
941, 0.437741, 0.062, 587508
942, 0.457953, 0.066, 588133
943, 0.457834, 0.063, 588757
944, 0.454323, 0.063, 589381
945, 0.460669, 0.064, 590005
946, 0.474408, 0.065, 590629
947, 0.469299, 0.064, 591253
948, 0.463712, 0.063, 591878
949, 0.460059, 0.063, 592502
950, 0.456404, 0.064, 593126
951, 0.462959, 0.065, 593750
952, 0.462172, 0.069, 594374
953, 0.456609, 0.069, 594998
954, 0.45295, 0.069, 595623
955, 0.45098, 0.067, 596247
956, 0.466475, 0.067, 596871
957, 0.455724, 0.065, 597495
958, 0.455072, 0.065, 598119
959, 0.453037, 0.066, 598744
960, 0.452488, 0.067, 599368
961, 0.448215, 0.068, 599992
962, 0.444351, 0.066, 600616
963, 0.440132, 0.066, 601240
964, 0.448873, 0.065, 601864
965, 0.44531, 0.064, 602488
966, 0.437743, 0.064, 603112
967, 0.434672, 0.063, 603737
968, 0.431833, 0.064, 604361
969, 0.434812, 0.064, 604985
970, 0.428348, 0.063, 605609
971, 0.424394, 0.064, 606233
972, 0.43919, 0.067, 606857
973, 0.439121, 0.067, 607481
974, 0.436627, 0.064, 608105
975, 0.439201, 0.069, 608730
976, 0.441228, 0.067, 609354
977, 0.453786, 0.077, 609978
978, 0.459582, 0.079, 610602
979, 0.455717, 0.079, 611226
980, 0.448222, 0.078, 611850
981, 0.444304, 0.074, 612475
982, 0.446146, 0.071, 613099
983, 0.427277, 0.067, 613723
984, 0.427198, 0.067, 614347
985, 0.430066, 0.067, 614971
986, 0.435748, 0.072, 615596
987, 0.418555, 0.069, 616220
988, 0.416354, 0.07, 616844
989, 0.409657, 0.068, 617468
990, 0.40528, 0.067, 618092
991, 0.412016, 0.066, 618716
992, 0.404854, 0.061, 619341
993, 0.413461, 0.064, 619965
994, 0.414392, 0.063, 620589
995, 0.442508, 0.064, 621213
996, 0.448536, 0.067, 621837
997, 0.448015, 0.069, 622461
998, 0.441725, 0.064, 623085
999, 0.439476, 0.063, 623709
1000, 0.481182, 0.073, 624334
