epoch, cross_entropy, error, time
1, 26.8988, 0.903, 307
2, 3.69183, 0.739, 646
3, 2.2575, 0.492, 985
4, 2.02153, 0.391, 1324
5, 1.83679, 0.339, 1663
6, 1.81183, 0.345, 2002
7, 2.17562, 0.401, 2342
8, 2.30667, 0.392, 2681
9, 2.14085, 0.379, 3020
10, 1.82181, 0.331, 3359
11, 1.72032, 0.323, 3698
12, 1.69246, 0.327, 4038
13, 1.70254, 0.324, 4377
14, 1.57114, 0.302, 4716
15, 1.52032, 0.28, 5055
16, 1.44964, 0.265, 5394
17, 1.42455, 0.27, 5732
18, 1.37349, 0.254, 6071
19, 1.33497, 0.252, 6410
20, 1.38208, 0.25, 6749
21, 1.31211, 0.24, 7088
22, 1.35337, 0.255, 7427
23, 1.45376, 0.273, 7766
24, 1.41161, 0.26, 8105
25, 1.41701, 0.26, 8444
26, 1.40554, 0.264, 8783
27, 1.38775, 0.259, 9122
28, 1.43207, 0.272, 9461
29, 1.41756, 0.269, 9800
30, 1.41239, 0.266, 10139
31, 1.42158, 0.267, 10478
32, 1.37123, 0.252, 10817
33, 1.37199, 0.251, 11156
34, 1.37823, 0.262, 11495
35, 1.3991, 0.261, 11843
36, 1.39225, 0.255, 12182
37, 1.38386, 0.261, 12521
38, 1.36077, 0.257, 12860
39, 1.30576, 0.245, 13199
40, 1.3474, 0.25, 13538
41, 1.43677, 0.268, 13877
42, 1.40103, 0.256, 14216
43, 1.41264, 0.251, 14555
44, 1.38869, 0.255, 14894
45, 1.36971, 0.247, 15233
46, 1.39528, 0.259, 15572
47, 1.40678, 0.26, 15911
48, 1.44339, 0.275, 16249
49, 1.45416, 0.276, 16588
50, 1.44849, 0.278, 16927
51, 1.49121, 0.283, 17266
52, 1.49322, 0.279, 17605
53, 1.50762, 0.283, 17944
54, 1.65245, 0.304, 18283
55, 1.63542, 0.306, 18622
56, 1.58627, 0.299, 18961
57, 1.58324, 0.295, 19300
58, 1.54098, 0.286, 19639
59, 1.51978, 0.285, 19978
60, 1.4847, 0.286, 20317
61, 1.52224, 0.295, 20656
62, 1.53207, 0.292, 20995
63, 1.54366, 0.296, 21334
64, 1.56237, 0.291, 21673
65, 1.53947, 0.299, 22012
66, 1.55353, 0.294, 22351
67, 1.55808, 0.295, 22689
68, 1.57035, 0.297, 23028
69, 1.57853, 0.302, 23367
70, 1.59274, 0.303, 23706
71, 1.61449, 0.313, 24045
72, 1.61491, 0.314, 24384
73, 1.59215, 0.312, 24723
74, 1.5549, 0.311, 25062
75, 1.57522, 0.309, 25401
76, 1.57079, 0.309, 25740
77, 1.57808, 0.305, 26079
78, 1.58654, 0.3, 26418
79, 1.57971, 0.306, 26757
80, 1.57744, 0.304, 27096
81, 1.58648, 0.3, 27435
82, 1.58228, 0.302, 27774
83, 1.57419, 0.304, 28113
84, 1.55028, 0.297, 28452
85, 1.55037, 0.301, 28791
86, 1.523, 0.292, 29129
87, 1.54034, 0.295, 29468
88, 1.53139, 0.282, 29807
89, 1.56064, 0.298, 30146
90, 1.57798, 0.295, 30485
91, 1.5515, 0.294, 30824
92, 1.53502, 0.291, 31163
93, 1.52974, 0.284, 31502
94, 1.5089, 0.288, 31841
95, 1.50873, 0.278, 32180
96, 1.51095, 0.284, 32519
97, 1.51778, 0.278, 32858
98, 1.5568, 0.294, 33196
99, 1.55022, 0.294, 33535
100, 1.5459, 0.296, 33874
101, 1.55954, 0.292, 34213
102, 1.54965, 0.291, 34552
103, 1.49712, 0.289, 34891
104, 1.4987, 0.284, 35230
105, 1.47872, 0.281, 35569
106, 1.49342, 0.285, 35908
107, 1.49719, 0.291, 36247
108, 1.53864, 0.298, 36586
109, 1.55372, 0.303, 36924
110, 1.56532, 0.297, 37263
111, 1.56617, 0.299, 37602
112, 1.56076, 0.304, 37942
113, 1.56138, 0.297, 38280
114, 1.56922, 0.3, 38619
115, 1.56848, 0.296, 38958
116, 1.77659, 0.315, 39297
117, 1.79178, 0.341, 39636
118, 1.74991, 0.331, 39975
119, 1.71292, 0.326, 40314
120, 1.68311, 0.324, 40653
121, 1.63843, 0.311, 40992
122, 1.64057, 0.313, 41331
123, 1.58796, 0.29, 41670
124, 1.57649, 0.294, 42009
125, 1.58902, 0.295, 42348
126, 1.59806, 0.301, 42687
127, 1.58158, 0.299, 43026
128, 1.56822, 0.297, 43365
129, 1.58373, 0.302, 43704
130, 1.55979, 0.297, 44043
131, 1.54564, 0.295, 44382
132, 1.5314, 0.294, 44721
133, 1.54101, 0.293, 45060
134, 1.54771, 0.3, 45398
135, 1.52081, 0.3, 45737
136, 1.51767, 0.297, 46076
137, 1.5145, 0.292, 46415
138, 1.51251, 0.288, 46754
139, 1.50858, 0.287, 47093
140, 1.51052, 0.293, 47432
141, 1.51036, 0.3, 47771
142, 1.51795, 0.298, 48110
143, 1.514, 0.302, 48449
144, 1.49914, 0.298, 48788
145, 1.49372, 0.3, 49127
146, 1.47852, 0.298, 49466
147, 1.48049, 0.287, 49805
148, 1.44273, 0.281, 50144
149, 1.4479, 0.281, 50483
150, 1.43074, 0.278, 50822
151, 1.44572, 0.277, 51161
152, 1.77276, 0.318, 51500
153, 1.85795, 0.329, 51839
154, 1.87302, 0.332, 52178
155, 1.87905, 0.332, 52517
156, 1.88715, 0.335, 52856
157, 1.89098, 0.329, 53195
158, 1.86389, 0.325, 53533
159, 1.82305, 0.322, 53872
160, 1.8084, 0.315, 54211
161, 1.80184, 0.315, 54550
162, 1.79887, 0.314, 54889
163, 1.81629, 0.313, 55228
164, 1.80214, 0.301, 55567
165, 1.78838, 0.299, 55906
166, 1.81108, 0.306, 56245
167, 1.83003, 0.311, 56584
168, 1.83293, 0.303, 56923
169, 1.81996, 0.303, 57262
170, 1.81371, 0.305, 57601
171, 1.8143, 0.306, 57940
172, 1.82723, 0.316, 58279
173, 1.82673, 0.319, 58618
174, 1.84345, 0.317, 58957
175, 1.80807, 0.315, 59296
176, 1.78857, 0.312, 59635
177, 1.78723, 0.312, 59974
178, 1.79897, 0.309, 60313
179, 1.79743, 0.31, 60652
180, 1.82187, 0.322, 60991
181, 1.80481, 0.317, 61330
182, 1.82754, 0.32, 61669
183, 1.86067, 0.328, 62008
184, 1.84094, 0.332, 62347
185, 1.81664, 0.323, 62686
186, 1.7824, 0.315, 63025
187, 1.78995, 0.328, 63364
188, 1.77389, 0.32, 63703
189, 1.78808, 0.322, 64042
190, 1.75054, 0.298, 64381
191, 1.73793, 0.302, 64720
192, 1.70947, 0.304, 65059
193, 1.71529, 0.298, 65398
194, 1.73098, 0.295, 65736
195, 1.72544, 0.299, 66075
196, 1.71946, 0.304, 66414
197, 1.73726, 0.307, 66753
198, 1.73567, 0.305, 67092
199, 1.74961, 0.304, 67431
200, 1.73483, 0.296, 67770
201, 1.74617, 0.3, 68109
202, 1.73319, 0.31, 68448
203, 1.72678, 0.303, 68787
204, 1.67943, 0.298, 69126
205, 1.67289, 0.298, 69465
206, 1.65922, 0.297, 69804
207, 1.65955, 0.297, 70143
208, 1.65146, 0.303, 70482
209, 1.65663, 0.294, 70820
210, 1.66189, 0.297, 71159
211, 1.67088, 0.303, 71499
212, 1.65496, 0.298, 71838
213, 1.66314, 0.297, 72177
214, 1.66742, 0.3, 72516
215, 1.67142, 0.297, 72855
216, 1.67607, 0.302, 73194
217, 1.67763, 0.296, 73533
218, 1.66389, 0.295, 73872
219, 1.68095, 0.302, 74211
220, 1.66511, 0.304, 74550
221, 1.6733, 0.297, 74889
222, 1.68938, 0.299, 75227
223, 1.67491, 0.299, 75566
224, 1.66186, 0.306, 75905
225, 1.6611, 0.307, 76244
226, 1.67221, 0.308, 76583
227, 1.66942, 0.306, 76922
228, 1.7089, 0.295, 77261
229, 1.68756, 0.298, 77600
230, 1.67208, 0.304, 77939
231, 1.67366, 0.301, 78278
232, 1.64294, 0.296, 78617
233, 1.63627, 0.295, 78956
234, 1.64976, 0.294, 79295
235, 1.66493, 0.3, 79633
236, 1.67751, 0.305, 79972
237, 1.6547, 0.303, 80311
238, 1.66995, 0.306, 80650
239, 1.69043, 0.307, 80989
240, 1.69367, 0.312, 81328
241, 1.69618, 0.316, 81667
242, 1.71159, 0.322, 82006
243, 1.70696, 0.314, 82345
244, 1.68124, 0.313, 82684
245, 1.69362, 0.31, 83023
246, 1.69589, 0.315, 83362
247, 1.69666, 0.317, 83701
248, 1.71615, 0.318, 84040
249, 1.71172, 0.32, 84379
250, 1.69973, 0.322, 84718
251, 1.70155, 0.322, 85056
252, 1.71654, 0.324, 85395
253, 1.72647, 0.332, 85734
254, 1.7322, 0.335, 86073
255, 1.72804, 0.331, 86412
256, 1.70779, 0.333, 86751
257, 1.71331, 0.33, 87090
258, 1.71419, 0.333, 87429
259, 1.71295, 0.33, 87768
260, 1.74398, 0.326, 88107
261, 1.74649, 0.336, 88446
262, 1.73899, 0.33, 88785
263, 1.74559, 0.334, 89124
264, 1.74004, 0.337, 89463
265, 1.7489, 0.332, 89801
266, 1.77003, 0.337, 90140
267, 1.77792, 0.339, 90479
268, 1.78766, 0.345, 90818
269, 1.77856, 0.341, 91157
270, 1.77005, 0.341, 91496
271, 1.78608, 0.341, 91835
272, 1.78428, 0.338, 92174
273, 1.78632, 0.341, 92513
274, 1.79771, 0.344, 92852
275, 1.81737, 0.349, 93191
276, 1.81384, 0.345, 93530
277, 1.81398, 0.339, 93869
278, 1.80376, 0.342, 94208
279, 1.81326, 0.34, 94547
280, 1.83073, 0.343, 94886
281, 1.82306, 0.343, 95225
282, 1.83795, 0.343, 95564
283, 1.82684, 0.346, 95902
284, 1.83108, 0.347, 96241
285, 1.82589, 0.345, 96580
286, 1.80631, 0.344, 96919
287, 1.8105, 0.345, 97258
288, 1.81374, 0.349, 97597
289, 1.82269, 0.352, 97936
290, 1.84703, 0.356, 98275
291, 1.84153, 0.354, 98614
292, 1.83321, 0.348, 98953
293, 1.83236, 0.352, 99292
294, 1.82079, 0.351, 99631
295, 1.84635, 0.363, 99970
296, 1.84796, 0.366, 100309
297, 1.85574, 0.37, 100648
298, 1.83828, 0.361, 100987
299, 1.85084, 0.363, 101326
300, 1.85004, 0.365, 101665
301, 1.85453, 0.364, 102004
302, 1.85517, 0.358, 102343
303, 1.8379, 0.356, 102682
304, 1.84198, 0.355, 103020
305, 1.8152, 0.353, 103360
306, 1.83448, 0.356, 103698
307, 1.82609, 0.354, 104037
308, 1.83226, 0.355, 104376
309, 1.84665, 0.348, 104715
310, 1.80667, 0.34, 105054
311, 1.80732, 0.338, 105393
312, 1.82462, 0.344, 105732
313, 1.8289, 0.346, 106071
314, 1.81712, 0.347, 106410
315, 1.81686, 0.351, 106749
316, 1.80859, 0.347, 107088
317, 1.80851, 0.351, 107427
318, 1.82285, 0.349, 107766
319, 1.81253, 0.345, 108104
320, 1.82577, 0.349, 108443
321, 1.83333, 0.348, 108782
322, 1.8168, 0.35, 109121
323, 1.81037, 0.341, 109460
324, 1.80404, 0.345, 109799
325, 1.81155, 0.346, 110138
326, 1.80735, 0.348, 110477
327, 1.81153, 0.345, 110816
328, 1.81364, 0.349, 111155
329, 1.79523, 0.344, 111494
330, 1.78642, 0.336, 111833
331, 1.79702, 0.34, 112172
332, 1.79942, 0.339, 112511
333, 1.80774, 0.342, 112849
334, 1.78981, 0.341, 113188
335, 1.78771, 0.342, 113527
336, 1.78061, 0.335, 113866
337, 1.79529, 0.341, 114205
338, 1.78431, 0.34, 114544
339, 1.77819, 0.332, 114883
340, 1.78077, 0.332, 115222
341, 1.78033, 0.34, 115561
342, 1.7614, 0.338, 115900
343, 1.7683, 0.342, 116239
344, 1.73907, 0.335, 116578
345, 1.73736, 0.329, 116917
346, 1.75807, 0.335, 117256
347, 1.73115, 0.326, 117594
348, 1.75222, 0.332, 117933
349, 1.72878, 0.327, 118272
350, 1.72371, 0.331, 118611
351, 1.71524, 0.327, 118950
352, 1.72326, 0.329, 119289
353, 1.7195, 0.331, 119628
354, 1.71315, 0.328, 119967
355, 1.71091, 0.328, 120306
356, 1.72001, 0.331, 120645
357, 1.70399, 0.33, 120984
358, 1.7015, 0.326, 121322
359, 1.69433, 0.33, 121661
360, 1.71302, 0.33, 122000
361, 1.71785, 0.333, 122339
362, 1.71263, 0.328, 122678
363, 1.71397, 0.329, 123017
364, 1.70111, 0.323, 123356
365, 1.69634, 0.326, 123695
366, 1.68583, 0.325, 124034
367, 1.65992, 0.318, 124373
368, 1.67275, 0.319, 124712
369, 1.68471, 0.326, 125051
370, 1.67609, 0.327, 125390
371, 1.66754, 0.325, 125729
372, 1.67252, 0.326, 126068
373, 1.6681, 0.32, 126407
374, 1.65499, 0.318, 126746
375, 1.66018, 0.317, 127084
376, 1.65676, 0.314, 127424
377, 1.6643, 0.309, 127762
378, 1.64424, 0.305, 128101
379, 1.64312, 0.306, 128440
380, 1.64013, 0.307, 128779
381, 1.65157, 0.306, 129118
382, 1.62821, 0.304, 129457
383, 1.6429, 0.304, 129796
384, 1.65304, 0.304, 130135
385, 1.64211, 0.304, 130474
386, 1.64219, 0.305, 130813
387, 1.63694, 0.303, 131152
388, 1.65825, 0.307, 131491
389, 1.62997, 0.296, 131830
390, 1.63286, 0.297, 132170
391, 1.61638, 0.296, 132508
392, 1.61762, 0.297, 132847
393, 1.5841, 0.296, 133186
394, 1.59561, 0.294, 133525
395, 1.59346, 0.297, 133864
396, 1.61185, 0.297, 134203
397, 1.61223, 0.301, 134542
398, 1.60908, 0.299, 134881
399, 1.60565, 0.296, 135220
400, 1.61903, 0.305, 135559
401, 1.61841, 0.308, 135898
402, 1.63626, 0.307, 136237
403, 1.61859, 0.31, 136576
404, 1.63805, 0.309, 136914
405, 1.62411, 0.303, 137254
406, 1.63999, 0.306, 137592
407, 1.6381, 0.305, 137931
408, 1.62759, 0.299, 138270
409, 1.63629, 0.3, 138609
410, 1.62154, 0.303, 138948
411, 1.62999, 0.307, 139287
412, 1.6143, 0.301, 139626
413, 1.62893, 0.302, 139965
414, 1.60139, 0.291, 140304
415, 1.6132, 0.295, 140643
416, 1.60029, 0.296, 140982
417, 1.58564, 0.297, 141321
418, 1.58097, 0.29, 141659
419, 1.58271, 0.288, 141998
420, 1.57121, 0.284, 142337
421, 1.57686, 0.287, 142676
422, 1.5818, 0.286, 143015
423, 1.57534, 0.285, 143354
424, 1.56599, 0.288, 143693
425, 1.57861, 0.287, 144032
426, 1.56161, 0.289, 144371
427, 1.55686, 0.289, 144710
428, 1.5531, 0.286, 145049
429, 1.55863, 0.289, 145388
430, 1.55836, 0.288, 145727
431, 1.54859, 0.285, 146066
432, 1.54864, 0.289, 146404
433, 1.54944, 0.286, 146743
434, 1.5537, 0.287, 147082
435, 1.5543, 0.291, 147421
436, 1.53583, 0.287, 147760
437, 1.54108, 0.285, 148099
438, 1.54081, 0.283, 148438
439, 1.53621, 0.282, 148777
440, 1.52975, 0.278, 149116
441, 1.53216, 0.276, 149455
442, 1.533, 0.277, 149794
443, 1.54183, 0.276, 150133
444, 1.54894, 0.275, 150472
445, 1.54667, 0.274, 150811
446, 1.55914, 0.277, 151149
447, 1.5386, 0.274, 151489
448, 1.55115, 0.274, 151828
449, 1.55113, 0.274, 152166
450, 1.53327, 0.268, 152505
451, 1.52666, 0.271, 152844
452, 1.54697, 0.273, 153183
453, 1.53385, 0.272, 153522
454, 1.5459, 0.273, 153861
455, 1.53769, 0.272, 154200
456, 1.54366, 0.271, 154539
457, 1.52635, 0.269, 154878
458, 1.53374, 0.27, 155217
459, 1.53354, 0.271, 155556
460, 1.52338, 0.271, 155894
461, 1.52463, 0.269, 156233
462, 1.53333, 0.269, 156572
463, 1.5474, 0.273, 156911
464, 1.54088, 0.274, 157250
465, 1.5434, 0.271, 157589
466, 1.56709, 0.274, 157928
467, 1.55664, 0.276, 158267
468, 1.55525, 0.273, 158606
469, 1.55743, 0.276, 158945
470, 1.55675, 0.28, 159284
471, 1.556, 0.28, 159623
472, 1.59182, 0.282, 159962
473, 1.57023, 0.279, 160301
474, 1.58432, 0.28, 160640
475, 1.58794, 0.28, 160979
476, 1.57988, 0.275, 161318
477, 1.6077, 0.278, 161657
478, 1.60622, 0.279, 161995
479, 1.59515, 0.278, 162334
480, 1.59509, 0.282, 162673
481, 1.59643, 0.284, 163012
482, 1.59752, 0.284, 163351
483, 1.58963, 0.284, 163690
484, 1.60325, 0.284, 164029
485, 1.59668, 0.282, 164368
486, 1.606, 0.285, 164707
487, 1.59849, 0.282, 165046
488, 1.6076, 0.283, 165385
489, 1.59203, 0.275, 165724
490, 1.58542, 0.281, 166063
491, 1.59237, 0.283, 166402
492, 1.58841, 0.278, 166740
493, 1.59526, 0.277, 167079
494, 1.58562, 0.278, 167418
495, 1.58729, 0.281, 167758
496, 1.59566, 0.282, 168096
497, 1.59713, 0.28, 168435
498, 1.61007, 0.28, 168774
499, 1.62389, 0.283, 169113
500, 1.62627, 0.287, 169452
501, 1.62672, 0.286, 169791
502, 1.60335, 0.281, 170130
503, 1.61659, 0.282, 170469
504, 1.59029, 0.28, 170808
505, 1.59422, 0.282, 171147
506, 1.60001, 0.278, 171486
507, 1.60981, 0.278, 171824
508, 1.60657, 0.278, 172164
509, 1.60271, 0.28, 172502
510, 1.59606, 0.28, 172841
511, 1.59262, 0.277, 173180
512, 1.58312, 0.277, 173519
513, 1.59287, 0.276, 173858
514, 1.59424, 0.284, 174197
515, 1.6144, 0.278, 174536
516, 1.61856, 0.279, 174875
517, 1.627, 0.28, 175214
518, 1.63269, 0.283, 175553
519, 1.63614, 0.282, 175892
520, 1.63995, 0.286, 176231
521, 1.65291, 0.286, 176569
522, 1.64742, 0.286, 176908
523, 1.647, 0.286, 177248
524, 1.6329, 0.283, 177586
525, 1.62986, 0.284, 177925
526, 1.61919, 0.285, 178264
527, 1.62728, 0.28, 178603
528, 1.62616, 0.284, 178942
529, 1.63615, 0.285, 179281
530, 1.63297, 0.286, 179620
531, 1.64437, 0.29, 179959
532, 1.64898, 0.29, 180298
533, 1.64757, 0.293, 180637
534, 1.64692, 0.297, 180976
535, 1.64384, 0.298, 181315
536, 1.64546, 0.296, 181654
537, 1.64706, 0.299, 181993
538, 1.65731, 0.299, 182331
539, 1.65777, 0.3, 182670
540, 1.65699, 0.301, 183009
541, 1.67718, 0.304, 183348
542, 1.66801, 0.303, 183687
543, 1.68874, 0.306, 184026
544, 1.70069, 0.305, 184365
545, 1.69299, 0.302, 184704
546, 1.69028, 0.302, 185043
547, 1.69183, 0.301, 185382
548, 1.69791, 0.298, 185721
549, 1.70488, 0.303, 186060
550, 1.70322, 0.301, 186399
551, 1.69716, 0.3, 186738
552, 1.69122, 0.298, 187076
553, 1.69822, 0.302, 187415
554, 1.70063, 0.305, 187754
555, 1.70685, 0.308, 188093
556, 1.69928, 0.307, 188432
557, 1.69511, 0.307, 188771
558, 1.68897, 0.303, 189110
559, 1.6851, 0.302, 189449
560, 1.69488, 0.307, 189788
561, 1.69025, 0.309, 190127
562, 1.68499, 0.309, 190466
563, 1.6823, 0.309, 190804
564, 1.69774, 0.31, 191143
565, 1.71378, 0.313, 191483
566, 1.71675, 0.316, 191822
567, 1.72117, 0.317, 192161
568, 1.72556, 0.32, 192500
569, 1.726, 0.321, 192839
570, 1.7225, 0.328, 193178
571, 1.7107, 0.32, 193517
572, 1.70717, 0.318, 193856
573, 1.70744, 0.318, 194195
574, 1.69639, 0.318, 194533
575, 1.70146, 0.322, 194872
576, 1.70174, 0.322, 195212
577, 1.70831, 0.323, 195550
578, 1.71592, 0.328, 195889
579, 1.70305, 0.329, 196228
580, 1.69874, 0.325, 196567
581, 1.70251, 0.327, 196906
582, 1.71278, 0.326, 197245
583, 1.71926, 0.328, 197584
584, 1.72186, 0.323, 197923
585, 1.71934, 0.32, 198261
586, 1.72055, 0.326, 198600
587, 1.74807, 0.333, 198939
588, 1.74728, 0.328, 199278
589, 1.77773, 0.335, 199617
590, 1.78016, 0.333, 199956
591, 1.77505, 0.33, 200295
592, 1.77407, 0.331, 200634
593, 1.77944, 0.334, 200973
594, 1.77591, 0.329, 201312
595, 1.78294, 0.329, 201651
596, 1.78803, 0.327, 201989
597, 1.79292, 0.328, 202328
598, 1.79335, 0.325, 202667
599, 1.79825, 0.326, 203006
600, 1.79552, 0.325, 203345
601, 1.79645, 0.327, 203684
602, 1.80178, 0.329, 204023
603, 1.79881, 0.332, 204362
604, 1.80909, 0.339, 204701
605, 1.81859, 0.341, 205040
606, 1.82642, 0.353, 205379
607, 1.82729, 0.351, 205718
608, 1.84142, 0.349, 206057
609, 1.84548, 0.351, 206395
610, 1.85089, 0.354, 206734
611, 1.86245, 0.36, 207073
612, 1.84995, 0.355, 207412
613, 1.87172, 0.376, 207751
614, 1.87371, 0.373, 208090
615, 1.87491, 0.363, 208429
616, 1.88294, 0.363, 208768
617, 1.87505, 0.365, 209107
618, 1.87138, 0.368, 209446
619, 1.87882, 0.367, 209785
620, 1.88188, 0.367, 210124
621, 1.88531, 0.367, 210463
622, 1.88784, 0.365, 210802
623, 1.9007, 0.37, 211140
624, 1.88875, 0.367, 211479
625, 1.89014, 0.367, 211818
626, 1.87984, 0.374, 212157
627, 1.86415, 0.366, 212496
628, 1.86864, 0.368, 212835
629, 1.85886, 0.362, 213174
630, 1.86988, 0.367, 213513
631, 1.87575, 0.371, 213852
632, 1.88349, 0.371, 214191
633, 1.88108, 0.367, 214530
634, 1.88336, 0.37, 214869
635, 1.88143, 0.37, 215208
636, 1.88024, 0.366, 215546
637, 1.866, 0.365, 215885
638, 1.86346, 0.364, 216224
639, 1.88678, 0.364, 216563
640, 1.87244, 0.367, 216902
641, 1.87338, 0.368, 217241
642, 1.8796, 0.365, 217580
643, 1.91449, 0.342, 217919
644, 1.89383, 0.336, 218258
645, 1.89493, 0.34, 218597
646, 1.88126, 0.331, 218936
647, 1.86463, 0.325, 219275
648, 1.8461, 0.326, 219614
649, 1.84692, 0.322, 219953
650, 1.83612, 0.328, 220292
651, 1.8218, 0.33, 220631
652, 1.79922, 0.326, 220970
653, 1.81001, 0.332, 221309
654, 1.80426, 0.332, 221648
655, 1.79478, 0.332, 221987
656, 1.78695, 0.328, 222325
657, 1.79642, 0.328, 222664
658, 1.7984, 0.33, 223003
659, 1.81467, 0.335, 223342
660, 1.79994, 0.327, 223681
661, 1.81079, 0.33, 224020
662, 1.79908, 0.331, 224359
663, 1.79112, 0.332, 224698
664, 1.78304, 0.331, 225037
665, 1.80345, 0.33, 225376
666, 1.79366, 0.335, 225715
667, 1.79211, 0.335, 226054
668, 1.76971, 0.331, 226393
669, 1.77407, 0.333, 226732
670, 1.76111, 0.342, 227070
671, 1.76643, 0.339, 227410
672, 1.77577, 0.342, 227749
673, 1.77783, 0.343, 228087
674, 1.78615, 0.344, 228426
675, 1.78134, 0.341, 228765
676, 1.77787, 0.343, 229104
677, 1.79076, 0.347, 229443
678, 1.78219, 0.344, 229782
679, 1.76695, 0.34, 230121
680, 1.77375, 0.334, 230460
681, 1.77053, 0.339, 230799
682, 1.78564, 0.336, 231138
683, 1.77949, 0.336, 231477
684, 1.77053, 0.337, 231816
685, 1.77997, 0.34, 232155
686, 1.78833, 0.339, 232494
687, 1.78537, 0.341, 232833
688, 1.80393, 0.342, 233171
689, 1.80076, 0.342, 233511
690, 1.81282, 0.343, 233850
691, 1.80351, 0.341, 234188
692, 1.81928, 0.349, 234527
693, 1.81459, 0.347, 234866
694, 1.81544, 0.346, 235205
695, 1.82704, 0.354, 235544
696, 1.82682, 0.352, 235883
697, 1.82871, 0.349, 236222
698, 1.83473, 0.354, 236561
699, 1.85164, 0.357, 236900
700, 1.8471, 0.358, 237239
701, 1.85709, 0.363, 237578
702, 1.85437, 0.362, 237917
703, 1.85457, 0.362, 238256
704, 1.86882, 0.364, 238595
705, 1.85453, 0.355, 238934
706, 1.83531, 0.352, 239273
707, 1.84657, 0.354, 239612
708, 1.85634, 0.353, 239951
709, 1.86225, 0.358, 240289
710, 1.85417, 0.356, 240628
711, 1.86563, 0.357, 240967
712, 1.88101, 0.358, 241306
713, 1.87938, 0.36, 241645
714, 1.87008, 0.36, 241984
715, 1.87663, 0.359, 242323
716, 1.87419, 0.36, 242662
717, 1.8823, 0.363, 243001
718, 1.88904, 0.358, 243340
719, 1.89881, 0.356, 243679
720, 1.89323, 0.359, 244018
721, 1.89589, 0.357, 244357
722, 1.88677, 0.354, 244696
723, 1.89298, 0.357, 245035
724, 1.89262, 0.355, 245374
725, 1.88631, 0.354, 245713
726, 1.9029, 0.353, 246051
727, 1.90223, 0.352, 246390
728, 1.91363, 0.35, 246729
729, 1.92214, 0.357, 247068
730, 1.92056, 0.353, 247407
731, 1.92993, 0.354, 247746
732, 1.92139, 0.35, 248085
733, 1.91915, 0.346, 248424
734, 1.91774, 0.348, 248763
735, 1.93031, 0.349, 249102
736, 1.91643, 0.346, 249441
737, 1.92263, 0.349, 249780
738, 1.93611, 0.35, 250119
739, 1.92367, 0.352, 250458
740, 1.91596, 0.348, 250797
741, 1.91641, 0.347, 251135
742, 1.91799, 0.349, 251475
743, 1.91858, 0.348, 251823
744, 1.89693, 0.349, 252163
745, 1.89781, 0.348, 252502
746, 1.89406, 0.347, 252841
747, 1.90248, 0.346, 253180
748, 1.90405, 0.345, 253519
749, 1.90673, 0.345, 253858
750, 1.90902, 0.346, 254197
751, 1.90603, 0.345, 254536
752, 1.89955, 0.344, 254875
753, 1.90141, 0.34, 255213
754, 1.90141, 0.342, 255552
755, 1.90778, 0.342, 255891
756, 1.91057, 0.342, 256230
757, 1.91079, 0.342, 256569
758, 1.9073, 0.343, 256908
759, 1.90158, 0.34, 257247
760, 1.9042, 0.344, 257586
761, 1.90125, 0.347, 257925
762, 1.8969, 0.345, 258264
763, 1.91122, 0.343, 258603
764, 1.90631, 0.343, 258942
765, 1.91028, 0.345, 259281
766, 1.90468, 0.347, 259620
767, 1.90318, 0.348, 259959
768, 1.90214, 0.351, 260298
769, 1.90194, 0.344, 260636
770, 1.90222, 0.346, 260975
771, 1.89639, 0.343, 261314
772, 1.89906, 0.341, 261653
773, 1.89637, 0.342, 261992
774, 1.90516, 0.338, 262331
775, 1.89635, 0.333, 262670
776, 1.88021, 0.335, 263009
777, 1.88192, 0.336, 263348
778, 1.87956, 0.336, 263687
779, 1.86588, 0.332, 264026
780, 1.8553, 0.333, 264365
781, 1.85616, 0.33, 264705
782, 1.85574, 0.33, 265044
783, 1.85544, 0.332, 265383
784, 1.86323, 0.335, 265722
785, 1.86574, 0.338, 266061
786, 1.8653, 0.338, 266400
787, 1.86501, 0.336, 266738
788, 1.9005, 0.339, 267077
789, 1.89519, 0.336, 267417
790, 1.89238, 0.335, 267755
791, 1.90323, 0.337, 268095
792, 1.90822, 0.34, 268433
793, 1.91946, 0.341, 268772
794, 1.92244, 0.342, 269111
795, 1.91948, 0.343, 269450
796, 1.93061, 0.344, 269789
797, 1.93926, 0.345, 270128
798, 1.92901, 0.344, 270467
799, 1.9391, 0.346, 270806
800, 1.94199, 0.349, 271145
801, 1.94248, 0.348, 271484
802, 1.93313, 0.343, 271823
803, 1.94378, 0.342, 272162
804, 1.94443, 0.345, 272501
805, 1.94337, 0.339, 272840
806, 1.95114, 0.339, 273179
807, 1.94089, 0.341, 273518
808, 1.94127, 0.341, 273857
809, 1.9479, 0.345, 274195
810, 1.94997, 0.346, 274534
811, 1.94003, 0.346, 274873
812, 1.94403, 0.348, 275212
813, 1.93989, 0.344, 275551
814, 1.93547, 0.346, 275890
815, 1.9532, 0.349, 276229
816, 1.93402, 0.352, 276568
817, 1.93276, 0.349, 276907
818, 1.93896, 0.345, 277246
819, 1.93755, 0.348, 277585
820, 1.93096, 0.351, 277924
821, 1.94614, 0.349, 278263
822, 1.9325, 0.348, 278602
823, 1.93576, 0.347, 278941
824, 1.91068, 0.345, 279280
825, 1.92329, 0.344, 279619
826, 1.93525, 0.346, 279958
827, 1.90321, 0.343, 280297
828, 1.91471, 0.346, 280635
829, 1.90417, 0.343, 280974
830, 1.91092, 0.343, 281313
831, 1.90611, 0.341, 281652
832, 1.91289, 0.342, 281991
833, 1.90602, 0.34, 282330
834, 1.90198, 0.338, 282669
835, 1.91406, 0.341, 283008
836, 1.91832, 0.34, 283347
837, 1.9214, 0.337, 283686
838, 1.91857, 0.337, 284025
839, 1.91538, 0.334, 284364
840, 1.92205, 0.335, 284702
841, 1.92077, 0.338, 285041
842, 1.91015, 0.332, 285380
843, 1.92054, 0.341, 285719
844, 1.91839, 0.333, 286058
845, 1.93734, 0.342, 286397
846, 1.95358, 0.339, 286736
847, 1.94586, 0.343, 287075
848, 1.9533, 0.343, 287414
849, 1.95283, 0.347, 287753
850, 1.94397, 0.345, 288092
851, 1.95414, 0.346, 288431
852, 1.93949, 0.347, 288770
853, 1.94981, 0.348, 289108
854, 1.94151, 0.352, 289447
855, 1.94455, 0.347, 289786
856, 1.94341, 0.349, 290125
857, 1.9424, 0.351, 290464
858, 1.94565, 0.352, 290803
859, 1.94761, 0.351, 291142
860, 1.94964, 0.351, 291481
861, 1.95939, 0.355, 291820
862, 1.95642, 0.359, 292159
863, 1.9674, 0.36, 292498
864, 1.98014, 0.36, 292837
865, 1.97833, 0.355, 293175
866, 1.96895, 0.353, 293514
867, 1.9912, 0.362, 293853
868, 1.98412, 0.354, 294192
869, 1.98905, 0.363, 294531
870, 1.98902, 0.363, 294870
871, 1.98645, 0.363, 295209
872, 2.00512, 0.369, 295548
873, 2.00663, 0.368, 295887
874, 2.00239, 0.368, 296226
875, 1.99846, 0.371, 296565
876, 1.99023, 0.367, 296904
877, 1.98972, 0.369, 297243
878, 2.00168, 0.371, 297582
879, 2.01672, 0.371, 297921
880, 2.02049, 0.376, 298260
881, 2.02527, 0.377, 298599
882, 2.03017, 0.378, 298938
883, 2.03746, 0.378, 299277
884, 2.03581, 0.376, 299616
885, 2.03467, 0.371, 299955
886, 2.03988, 0.374, 300293
887, 2.04056, 0.377, 300632
888, 2.03842, 0.37, 300971
889, 2.0397, 0.375, 301310
890, 2.03954, 0.377, 301649
891, 2.0403, 0.374, 301988
892, 2.03494, 0.369, 302327
893, 2.04974, 0.375, 302666
894, 2.05358, 0.373, 303005
895, 2.05243, 0.374, 303344
896, 2.05767, 0.373, 303683
897, 2.06136, 0.374, 304022
898, 2.07613, 0.382, 304361
899, 2.077, 0.381, 304700
900, 2.07209, 0.377, 305039
901, 2.07416, 0.38, 305378
902, 2.07408, 0.379, 305716
903, 2.09004, 0.384, 306055
904, 2.08514, 0.382, 306394
905, 2.07798, 0.38, 306733
906, 2.07215, 0.376, 307072
907, 2.0841, 0.376, 307411
908, 2.07149, 0.374, 307750
909, 2.07439, 0.375, 308089
910, 2.08346, 0.372, 308428
911, 2.07943, 0.37, 308767
912, 2.09475, 0.374, 309106
913, 2.09768, 0.37, 309445
914, 2.09626, 0.372, 309784
915, 2.09673, 0.377, 310123
916, 2.12613, 0.374, 310462
917, 2.11181, 0.383, 310801
918, 2.10729, 0.382, 311139
919, 2.12071, 0.383, 311479
920, 2.1171, 0.386, 311818
921, 2.13493, 0.384, 312157
922, 2.111, 0.389, 312496
923, 2.09733, 0.389, 312835
924, 2.09842, 0.389, 313174
925, 2.10991, 0.386, 313513
926, 2.10642, 0.386, 313852
927, 2.08913, 0.387, 314191
928, 2.07857, 0.384, 314530
929, 2.07233, 0.384, 314869
930, 2.09339, 0.391, 315208
931, 2.0922, 0.387, 315547
932, 2.10375, 0.389, 315886
933, 2.08853, 0.387, 316225
934, 2.082, 0.384, 316563
935, 2.0732, 0.381, 316902
936, 2.08443, 0.381, 317241
937, 2.08997, 0.381, 317580
938, 2.07824, 0.377, 317919
939, 2.09053, 0.379, 318258
940, 2.06827, 0.373, 318597
941, 2.06872, 0.375, 318936
942, 2.08615, 0.375, 319275
943, 2.06875, 0.37, 319614
944, 2.07071, 0.376, 319953
945, 2.09499, 0.382, 320292
946, 2.06773, 0.379, 320630
947, 2.06544, 0.377, 320969
948, 2.09033, 0.383, 321308
949, 2.06085, 0.375, 321647
950, 2.057, 0.379, 321986
951, 2.06904, 0.38, 322325
952, 2.06022, 0.377, 322664
953, 2.06386, 0.376, 323003
954, 2.07813, 0.377, 323342
955, 2.07835, 0.376, 323681
956, 2.10168, 0.381, 324020
957, 2.09128, 0.378, 324359
958, 2.10095, 0.384, 324698
959, 2.1029, 0.388, 325036
960, 2.11785, 0.389, 325375
961, 2.10925, 0.381, 325714
962, 2.09056, 0.383, 326053
963, 2.09353, 0.388, 326392
964, 2.11648, 0.387, 326731
965, 2.10218, 0.386, 327070
966, 2.10271, 0.384, 327409
967, 2.09746, 0.386, 327748
968, 2.12421, 0.388, 328087
969, 2.09362, 0.385, 328426
970, 2.1012, 0.387, 328765
971, 2.11174, 0.39, 329103
972, 2.09408, 0.388, 329443
973, 2.09312, 0.386, 329781
974, 2.111, 0.383, 330120
975, 2.08462, 0.379, 330459
976, 2.08142, 0.377, 330798
977, 2.08753, 0.38, 331137
978, 2.08247, 0.377, 331476
979, 2.08655, 0.379, 331815
980, 2.0894, 0.379, 332154
981, 2.09527, 0.382, 332493
982, 2.11222, 0.382, 332832
983, 2.10221, 0.387, 333171
984, 2.10733, 0.392, 333510
985, 2.11583, 0.391, 333849
986, 2.12926, 0.394, 334187
987, 2.12004, 0.397, 334526
988, 2.11754, 0.396, 334865
989, 2.1247, 0.399, 335204
990, 2.1197, 0.397, 335543
991, 2.12743, 0.396, 335882
992, 2.14394, 0.402, 336221
993, 2.14351, 0.4, 336560
994, 2.15018, 0.398, 336899
995, 2.14512, 0.397, 337238
996, 2.15139, 0.395, 337577
997, 2.15016, 0.385, 337916
998, 2.14835, 0.385, 338255
999, 2.14808, 0.385, 338594
1000, 2.1534, 0.386, 338933
