epoch, cross_entropy, error, time
1, 14.5483, 0.878, 307
2, 6.30875, 0.8, 620
3, 3.42848, 0.604, 933
4, 2.99974, 0.473, 1247
5, 2.13331, 0.379, 1560
6, 1.87088, 0.344, 1874
7, 2.4092, 0.405, 2187
8, 3.3868, 0.499, 2501
9, 2.85737, 0.505, 2814
10, 2.25535, 0.44, 3127
11, 1.90237, 0.378, 3441
12, 1.79933, 0.366, 3754
13, 1.945, 0.397, 4068
14, 2.00874, 0.393, 4381
15, 1.84248, 0.364, 4695
16, 1.70388, 0.333, 5008
17, 1.64942, 0.334, 5321
18, 1.59335, 0.32, 5635
19, 1.58958, 0.309, 5948
20, 1.61597, 0.302, 6262
21, 1.5011, 0.282, 6575
22, 1.48334, 0.277, 6889
23, 1.46066, 0.268, 7202
24, 1.4118, 0.259, 7516
25, 1.32383, 0.246, 7829
26, 1.32284, 0.241, 8143
27, 1.28943, 0.236, 8456
28, 1.28777, 0.238, 8770
29, 1.27699, 0.23, 9083
30, 1.25855, 0.229, 9397
31, 1.20908, 0.216, 9710
32, 1.21397, 0.214, 10024
33, 1.22144, 0.211, 10337
34, 1.16366, 0.183, 10651
35, 1.10615, 0.169, 10964
36, 1.07941, 0.174, 11277
37, 1.09278, 0.186, 11591
38, 1.11748, 0.201, 11904
39, 1.10894, 0.184, 12218
40, 1.10116, 0.186, 12531
41, 1.08084, 0.181, 12845
42, 1.06134, 0.182, 13158
43, 1.54002, 0.251, 13472
44, 1.73283, 0.31, 13785
45, 1.6621, 0.31, 14098
46, 1.61322, 0.289, 14412
47, 1.64961, 0.292, 14726
48, 1.98918, 0.336, 15039
49, 1.98615, 0.351, 15352
50, 2.14716, 0.379, 15666
51, 2.28592, 0.408, 15979
52, 2.46743, 0.428, 16293
53, 2.32886, 0.403, 16606
54, 2.2631, 0.411, 16919
55, 2.73265, 0.455, 17233
56, 2.40859, 0.414, 17546
57, 2.36384, 0.419, 17860
58, 2.30039, 0.414, 18173
59, 2.17119, 0.39, 18487
60, 2.11283, 0.382, 18800
61, 2.00524, 0.358, 19113
62, 1.85317, 0.338, 19427
63, 1.75041, 0.337, 19740
64, 1.71746, 0.344, 20054
65, 1.67937, 0.328, 20367
66, 1.62749, 0.321, 20681
67, 1.59795, 0.319, 20994
68, 1.53855, 0.31, 21308
69, 1.51966, 0.304, 21621
70, 1.51674, 0.304, 21935
71, 1.50397, 0.292, 22248
72, 1.4833, 0.297, 22561
73, 1.4468, 0.289, 22875
74, 1.44827, 0.286, 23188
75, 1.41138, 0.281, 23502
76, 1.37585, 0.273, 23815
77, 1.60026, 0.31, 24128
78, 1.53927, 0.301, 24442
79, 1.50297, 0.298, 24755
80, 1.47126, 0.292, 25069
81, 1.437, 0.289, 25382
82, 1.4407, 0.291, 25696
83, 1.43492, 0.283, 26009
84, 1.42035, 0.286, 26323
85, 1.42628, 0.287, 26636
86, 1.38464, 0.276, 26950
87, 1.36333, 0.277, 27263
88, 1.37984, 0.275, 27576
89, 1.34689, 0.268, 27890
90, 1.30584, 0.262, 28203
91, 1.28869, 0.26, 28517
92, 1.26756, 0.264, 28830
93, 1.26672, 0.259, 29144
94, 1.27286, 0.265, 29457
95, 1.27761, 0.264, 29770
96, 1.27632, 0.263, 30084
97, 1.26675, 0.254, 30398
98, 1.26574, 0.258, 30711
99, 1.2485, 0.253, 31024
100, 1.29092, 0.257, 31338
101, 1.42135, 0.273, 31651
102, 1.39178, 0.28, 31964
103, 1.35627, 0.273, 32278
104, 1.33564, 0.271, 32591
105, 1.31677, 0.262, 32905
106, 1.30921, 0.255, 33218
107, 1.31633, 0.257, 33532
108, 1.3128, 0.258, 33845
109, 1.30045, 0.26, 34158
110, 1.29251, 0.253, 34472
111, 1.27349, 0.249, 34785
112, 1.24851, 0.245, 35099
113, 1.24418, 0.241, 35412
114, 1.2368, 0.243, 35725
115, 1.24554, 0.244, 36039
116, 1.22975, 0.242, 36352
117, 1.20233, 0.238, 36666
118, 1.21679, 0.241, 36979
119, 1.21552, 0.243, 37292
120, 1.21964, 0.242, 37606
121, 1.20016, 0.234, 37919
122, 1.19195, 0.233, 38233
123, 1.17513, 0.227, 38546
124, 1.1576, 0.224, 38860
125, 1.12795, 0.219, 39173
126, 1.1336, 0.224, 39487
127, 1.10902, 0.223, 39800
128, 1.11047, 0.218, 40113
129, 1.10031, 0.208, 40427
130, 1.08893, 0.205, 40740
131, 1.0843, 0.206, 41054
132, 1.07828, 0.208, 41367
133, 1.07676, 0.206, 41680
134, 1.08196, 0.205, 41994
135, 1.19907, 0.25, 42308
136, 1.30986, 0.269, 42621
137, 1.26299, 0.251, 42934
138, 1.25057, 0.255, 43248
139, 1.26161, 0.258, 43561
140, 1.26272, 0.263, 43874
141, 1.24584, 0.243, 44188
142, 1.24147, 0.242, 44501
143, 1.25707, 0.247, 44815
144, 1.26244, 0.254, 45128
145, 1.26524, 0.256, 45441
146, 1.24572, 0.255, 45755
147, 1.23393, 0.253, 46068
148, 1.2413, 0.256, 46382
149, 1.22384, 0.246, 46695
150, 1.23079, 0.255, 47009
151, 1.24199, 0.255, 47322
152, 1.24071, 0.25, 47635
153, 1.22913, 0.246, 47949
154, 1.24312, 0.252, 48262
155, 1.23457, 0.251, 48576
156, 1.23043, 0.253, 48889
157, 1.23619, 0.257, 49203
158, 1.24018, 0.263, 49516
159, 1.21396, 0.257, 49829
160, 1.21586, 0.259, 50143
161, 1.2079, 0.259, 50456
162, 1.20761, 0.266, 50770
163, 1.19698, 0.263, 51083
164, 1.17917, 0.258, 51396
165, 1.16745, 0.258, 51710
166, 1.16781, 0.255, 52023
167, 1.15771, 0.254, 52337
168, 1.16936, 0.259, 52650
169, 1.18406, 0.262, 52964
170, 1.18091, 0.262, 53277
171, 1.17523, 0.263, 53591
172, 1.15734, 0.255, 53905
173, 1.17706, 0.263, 54218
174, 1.15725, 0.259, 54532
175, 1.13537, 0.249, 54845
176, 1.15509, 0.256, 55159
177, 1.15678, 0.245, 55472
178, 1.16602, 0.243, 55786
179, 1.16003, 0.244, 56099
180, 1.15036, 0.246, 56413
181, 1.13046, 0.242, 56726
182, 1.13203, 0.239, 57039
183, 1.12794, 0.239, 57353
184, 1.13424, 0.238, 57666
185, 1.12512, 0.239, 57980
186, 1.11009, 0.23, 58293
187, 1.11795, 0.233, 58607
188, 1.12207, 0.228, 58920
189, 1.12487, 0.233, 59234
190, 1.12249, 0.231, 59547
191, 1.1209, 0.23, 59860
192, 1.12871, 0.232, 60174
193, 1.14255, 0.241, 60487
194, 1.12636, 0.237, 60801
195, 1.12303, 0.236, 61114
196, 1.1338, 0.235, 61427
197, 1.14948, 0.247, 61741
198, 1.14798, 0.247, 62054
199, 1.1481, 0.245, 62368
200, 1.13786, 0.243, 62681
201, 1.13834, 0.247, 62995
202, 1.13328, 0.245, 63308
203, 1.13375, 0.247, 63621
204, 1.12911, 0.241, 63935
205, 1.11921, 0.237, 64248
206, 1.12265, 0.234, 64561
207, 1.12576, 0.236, 64875
208, 1.12242, 0.238, 65188
209, 1.12202, 0.23, 65502
210, 1.10763, 0.221, 65815
211, 1.10864, 0.227, 66129
212, 1.10741, 0.23, 66442
213, 1.07246, 0.225, 66755
214, 1.06043, 0.23, 67069
215, 1.05619, 0.228, 67382
216, 1.04935, 0.224, 67696
217, 1.05266, 0.227, 68009
218, 1.05371, 0.228, 68323
219, 1.06251, 0.229, 68636
220, 1.04878, 0.231, 68949
221, 1.04993, 0.23, 69263
222, 1.03363, 0.227, 69576
223, 1.01878, 0.229, 69889
224, 1.01257, 0.229, 70203
225, 1.00047, 0.22, 70516
226, 0.989379, 0.217, 70830
227, 0.975377, 0.215, 71143
228, 0.975295, 0.214, 71457
229, 0.978108, 0.213, 71770
230, 0.96563, 0.213, 72083
231, 0.962488, 0.21, 72397
232, 0.963874, 0.208, 72710
233, 0.972571, 0.212, 73023
234, 0.977156, 0.213, 73337
235, 0.991486, 0.221, 73650
236, 0.975557, 0.216, 73964
237, 0.977363, 0.217, 74277
238, 0.969083, 0.21, 74591
239, 0.944387, 0.202, 74904
240, 0.937268, 0.199, 75217
241, 0.918877, 0.196, 75531
242, 0.916366, 0.194, 75844
243, 0.913484, 0.194, 76158
244, 0.895938, 0.192, 76471
245, 0.899665, 0.195, 76784
246, 0.890116, 0.193, 77098
247, 0.889737, 0.192, 77411
248, 0.892879, 0.192, 77724
249, 0.891963, 0.19, 78038
250, 0.894499, 0.193, 78351
251, 0.886587, 0.195, 78665
252, 0.914136, 0.199, 78978
253, 0.923635, 0.2, 79291
254, 0.912366, 0.203, 79605
255, 0.90167, 0.196, 79918
256, 0.896354, 0.195, 80232
257, 0.887701, 0.189, 80545
258, 0.894739, 0.195, 80859
259, 0.904941, 0.197, 81172
260, 0.90784, 0.192, 81485
261, 0.901134, 0.193, 81799
262, 0.896039, 0.193, 82112
263, 0.887232, 0.196, 82426
264, 1.17888, 0.227, 82739
265, 1.0686, 0.223, 83052
266, 1.04801, 0.22, 83366
267, 1.04471, 0.218, 83679
268, 1.0178, 0.219, 83993
269, 1.02229, 0.222, 84306
270, 1.03196, 0.224, 84620
271, 1.0181, 0.221, 84933
272, 1.01076, 0.221, 85247
273, 1.02436, 0.218, 85560
274, 1.03496, 0.218, 85873
275, 1.02825, 0.216, 86187
276, 1.01385, 0.217, 86500
277, 1.01555, 0.214, 86814
278, 1.0175, 0.215, 87127
279, 1.01013, 0.211, 87441
280, 1.00699, 0.209, 87754
281, 1.00562, 0.206, 88068
282, 0.994052, 0.204, 88381
283, 0.972986, 0.199, 88694
284, 0.989141, 0.203, 89008
285, 0.971828, 0.197, 89321
286, 0.987646, 0.2, 89635
287, 0.990195, 0.205, 89948
288, 0.995887, 0.205, 90261
289, 0.988789, 0.206, 90575
290, 0.984287, 0.203, 90888
291, 0.985104, 0.203, 91202
292, 0.97911, 0.198, 91515
293, 0.97353, 0.199, 91828
294, 0.96988, 0.201, 92142
295, 0.96969, 0.197, 92455
296, 0.950805, 0.19, 92769
297, 0.952962, 0.191, 93082
298, 0.947746, 0.189, 93395
299, 0.947568, 0.187, 93709
300, 0.961389, 0.192, 94022
301, 0.956092, 0.191, 94336
302, 0.94745, 0.189, 94649
303, 0.937564, 0.186, 94963
304, 0.941816, 0.186, 95276
305, 0.927738, 0.189, 95589
306, 0.945064, 0.187, 95903
307, 0.95511, 0.193, 96216
308, 0.949599, 0.187, 96530
309, 1.25538, 0.246, 96843
310, 1.19989, 0.242, 97156
311, 1.17901, 0.242, 97470
312, 1.1892, 0.246, 97783
313, 1.18107, 0.248, 98097
314, 1.16781, 0.241, 98410
315, 1.14343, 0.238, 98724
316, 1.15775, 0.239, 99037
317, 1.12906, 0.235, 99350
318, 1.13704, 0.239, 99664
319, 1.13182, 0.233, 99977
320, 1.1289, 0.238, 100290
321, 1.11754, 0.234, 100604
322, 1.11086, 0.231, 100917
323, 1.09622, 0.228, 101231
324, 1.10027, 0.231, 101544
325, 1.08891, 0.23, 101857
326, 1.08383, 0.235, 102171
327, 1.10439, 0.235, 102484
328, 1.11111, 0.242, 102797
329, 1.13407, 0.244, 103111
330, 1.13929, 0.245, 103424
331, 1.12766, 0.243, 103738
332, 1.13396, 0.244, 104051
333, 1.13546, 0.237, 104364
334, 1.11441, 0.233, 104678
335, 1.11833, 0.233, 104991
336, 1.12908, 0.236, 105305
337, 1.14642, 0.241, 105618
338, 1.14726, 0.239, 105931
339, 1.14949, 0.239, 106245
340, 1.13398, 0.241, 106558
341, 1.12681, 0.235, 106872
342, 1.13163, 0.237, 107185
343, 1.13298, 0.241, 107498
344, 1.12561, 0.237, 107812
345, 1.12564, 0.238, 108125
346, 1.13003, 0.247, 108438
347, 1.11482, 0.243, 108752
348, 1.11443, 0.233, 109065
349, 1.10691, 0.241, 109379
350, 1.10277, 0.241, 109692
351, 1.10052, 0.239, 110005
352, 1.0904, 0.239, 110319
353, 1.09029, 0.236, 110632
354, 1.09316, 0.244, 110946
355, 1.10369, 0.245, 111259
356, 1.1237, 0.246, 111572
357, 1.11158, 0.246, 111886
358, 1.10942, 0.244, 112199
359, 1.11866, 0.244, 112512
360, 1.11508, 0.244, 112826
361, 1.13099, 0.245, 113139
362, 1.11314, 0.245, 113453
363, 1.11087, 0.244, 113767
364, 1.1095, 0.245, 114080
365, 1.13209, 0.25, 114393
366, 1.11749, 0.247, 114707
367, 1.12058, 0.247, 115020
368, 1.11317, 0.238, 115334
369, 1.12092, 0.236, 115647
370, 1.10197, 0.242, 115960
371, 1.11257, 0.243, 116274
372, 1.10205, 0.239, 116587
373, 1.09861, 0.239, 116901
374, 1.0885, 0.235, 117214
375, 1.09444, 0.24, 117527
376, 1.10001, 0.24, 117841
377, 1.0899, 0.233, 118154
378, 1.08537, 0.231, 118468
379, 1.07479, 0.229, 118781
380, 1.0819, 0.228, 119094
381, 1.07734, 0.233, 119408
382, 1.12223, 0.232, 119721
383, 1.10749, 0.233, 120034
384, 1.11394, 0.231, 120348
385, 1.10777, 0.231, 120661
386, 1.1135, 0.239, 120975
387, 1.10356, 0.232, 121288
388, 1.10046, 0.234, 121601
389, 1.11056, 0.235, 121915
390, 1.10538, 0.237, 122228
391, 1.09209, 0.23, 122542
392, 1.09643, 0.23, 122855
393, 1.08838, 0.23, 123169
394, 1.07248, 0.224, 123482
395, 1.06743, 0.224, 123795
396, 1.05739, 0.222, 124109
397, 1.05881, 0.221, 124422
398, 1.06224, 0.226, 124735
399, 1.05472, 0.219, 125049
400, 1.04818, 0.22, 125362
401, 1.04765, 0.219, 125675
402, 1.05751, 0.218, 125989
403, 1.05722, 0.219, 126302
404, 1.05649, 0.218, 126616
405, 1.06741, 0.229, 126929
406, 1.06521, 0.224, 127242
407, 1.0436, 0.22, 127556
408, 1.05171, 0.227, 127869
409, 1.06264, 0.228, 128183
410, 1.05649, 0.225, 128496
411, 1.04763, 0.226, 128810
412, 1.05463, 0.222, 129123
413, 1.05371, 0.228, 129436
414, 1.0598, 0.233, 129750
415, 1.1028, 0.238, 130063
416, 1.15469, 0.248, 130377
417, 1.1235, 0.237, 130690
418, 1.10344, 0.238, 131004
419, 1.10624, 0.236, 131317
420, 1.11041, 0.23, 131630
421, 1.10529, 0.231, 131944
422, 1.77498, 0.287, 132257
423, 1.54043, 0.279, 132571
424, 1.46717, 0.279, 132884
425, 1.44164, 0.278, 133197
426, 1.36494, 0.275, 133511
427, 1.35316, 0.272, 133824
428, 1.35401, 0.271, 134138
429, 1.36177, 0.271, 134451
430, 1.34095, 0.266, 134765
431, 1.32905, 0.264, 135078
432, 1.31633, 0.26, 135391
433, 1.30496, 0.257, 135705
434, 1.31293, 0.261, 136018
435, 1.31711, 0.261, 136332
436, 1.29015, 0.256, 136645
437, 1.2828, 0.255, 136959
438, 1.29267, 0.254, 137272
439, 1.28222, 0.259, 137585
440, 1.27415, 0.261, 137899
441, 1.26976, 0.26, 138212
442, 1.26864, 0.256, 138526
443, 1.26643, 0.258, 138839
444, 1.28441, 0.26, 139153
445, 1.27875, 0.259, 139466
446, 1.26359, 0.254, 139780
447, 1.27427, 0.248, 140093
448, 1.26749, 0.244, 140406
449, 1.27255, 0.248, 140720
450, 1.28268, 0.25, 141034
451, 1.28215, 0.252, 141347
452, 1.2574, 0.245, 141660
453, 1.23308, 0.24, 141974
454, 1.22455, 0.239, 142287
455, 1.22938, 0.236, 142601
456, 1.22187, 0.239, 142914
457, 1.21625, 0.237, 143227
458, 1.20764, 0.227, 143541
459, 1.17766, 0.224, 143854
460, 1.18612, 0.227, 144168
461, 1.1732, 0.225, 144481
462, 1.17846, 0.23, 144795
463, 1.18921, 0.229, 145108
464, 1.18615, 0.23, 145422
465, 1.17537, 0.225, 145735
466, 1.15984, 0.22, 146048
467, 1.1527, 0.222, 146361
468, 1.14942, 0.226, 146674
469, 1.14361, 0.223, 146987
470, 1.12892, 0.216, 147300
471, 1.13916, 0.218, 147613
472, 1.15026, 0.218, 147926
473, 1.17245, 0.224, 148240
474, 1.14357, 0.227, 148552
475, 1.16043, 0.229, 148865
476, 1.16873, 0.232, 149179
477, 1.16778, 0.231, 149492
478, 1.23419, 0.24, 149805
479, 1.22669, 0.248, 150118
480, 1.22618, 0.249, 150431
481, 1.22543, 0.248, 150744
482, 1.22902, 0.242, 151057
483, 1.22368, 0.242, 151370
484, 1.22329, 0.244, 151683
485, 1.21281, 0.239, 151996
486, 1.19434, 0.241, 152309
487, 1.19752, 0.244, 152622
488, 1.20629, 0.248, 152935
489, 1.20885, 0.247, 153248
490, 1.2082, 0.246, 153561
491, 1.21966, 0.247, 153874
492, 1.22613, 0.249, 154188
493, 1.23113, 0.25, 154500
494, 1.24823, 0.257, 154813
495, 1.24863, 0.253, 155126
496, 1.25914, 0.256, 155440
497, 1.25716, 0.253, 155752
498, 1.26129, 0.255, 156065
499, 1.27554, 0.254, 156379
500, 1.26834, 0.252, 156692
501, 1.27359, 0.258, 157005
502, 1.27262, 0.258, 157318
503, 1.26098, 0.255, 157631
504, 1.25509, 0.248, 157944
505, 1.25178, 0.252, 158257
506, 1.23691, 0.249, 158570
507, 1.23195, 0.25, 158883
508, 1.22142, 0.246, 159196
509, 1.22575, 0.246, 159509
510, 1.22673, 0.244, 159822
511, 1.22178, 0.244, 160135
512, 1.21611, 0.242, 160448
513, 1.2319, 0.247, 160761
514, 1.22467, 0.247, 161074
515, 1.22761, 0.246, 161387
516, 1.22276, 0.246, 161700
517, 1.2117, 0.241, 162013
518, 1.22165, 0.244, 162326
519, 1.22228, 0.245, 162639
520, 1.21711, 0.249, 162952
521, 1.21008, 0.243, 163265
522, 1.22149, 0.243, 163578
523, 1.21148, 0.244, 163891
524, 1.20322, 0.241, 164204
525, 1.20732, 0.241, 164517
526, 1.21116, 0.239, 164830
527, 1.18525, 0.234, 165143
528, 1.18134, 0.235, 165456
529, 1.16346, 0.232, 165769
530, 1.1647, 0.236, 166082
531, 1.16815, 0.229, 166395
532, 1.16753, 0.23, 166708
533, 1.16491, 0.228, 167021
534, 1.16639, 0.225, 167334
535, 1.17756, 0.232, 167647
536, 1.16912, 0.228, 167960
537, 1.17133, 0.224, 168273
538, 1.16766, 0.222, 168586
539, 1.17726, 0.221, 168899
540, 1.18094, 0.222, 169212
541, 1.1744, 0.219, 169525
542, 1.17895, 0.219, 169838
543, 1.18012, 0.222, 170151
544, 1.18488, 0.227, 170464
545, 1.18479, 0.224, 170777
546, 1.18646, 0.226, 171091
547, 1.19805, 0.228, 171403
548, 1.19343, 0.231, 171716
549, 1.19078, 0.222, 172029
550, 1.18616, 0.222, 172343
551, 1.18684, 0.221, 172655
552, 1.18283, 0.221, 172969
553, 1.17246, 0.221, 173281
554, 1.16364, 0.221, 173595
555, 1.16952, 0.224, 173908
556, 1.15565, 0.221, 174222
557, 1.16004, 0.223, 174535
558, 1.15202, 0.224, 174848
559, 1.15108, 0.222, 175161
560, 1.14579, 0.223, 175474
561, 1.14643, 0.22, 175787
562, 1.14005, 0.219, 176100
563, 1.13584, 0.218, 176413
564, 1.14066, 0.22, 176726
565, 1.14028, 0.225, 177039
566, 1.13099, 0.222, 177352
567, 1.13275, 0.22, 177665
568, 1.12768, 0.221, 177978
569, 1.12948, 0.225, 178291
570, 1.12433, 0.223, 178604
571, 1.12279, 0.221, 178917
572, 1.11849, 0.222, 179230
573, 1.11701, 0.218, 179543
574, 1.12472, 0.218, 179856
575, 1.12815, 0.221, 180169
576, 1.12604, 0.222, 180482
577, 1.14021, 0.222, 180795
578, 1.15247, 0.225, 181108
579, 1.14079, 0.221, 181421
580, 1.15413, 0.228, 181734
581, 1.14801, 0.227, 182047
582, 1.15177, 0.228, 182360
583, 1.15255, 0.23, 182673
584, 1.1398, 0.227, 182987
585, 1.13854, 0.227, 183299
586, 1.13813, 0.227, 183612
587, 1.14033, 0.227, 183925
588, 1.13659, 0.227, 184239
589, 1.13473, 0.228, 184552
590, 1.13877, 0.231, 184864
591, 1.15086, 0.23, 185178
592, 1.1505, 0.231, 185491
593, 1.17201, 0.232, 185804
594, 1.16228, 0.233, 186117
595, 1.14596, 0.227, 186430
596, 1.14679, 0.226, 186743
597, 1.14597, 0.227, 187056
598, 1.14275, 0.226, 187369
599, 1.13736, 0.232, 187682
600, 1.13869, 0.234, 187995
601, 1.13748, 0.231, 188308
602, 1.14502, 0.23, 188621
603, 1.14757, 0.233, 188934
604, 1.13964, 0.234, 189247
605, 1.13751, 0.235, 189560
606, 1.14158, 0.235, 189873
607, 1.14329, 0.232, 190186
608, 1.14291, 0.233, 190499
609, 1.13917, 0.234, 190812
610, 1.14292, 0.232, 191125
611, 1.14397, 0.232, 191438
612, 1.136, 0.229, 191751
613, 1.14493, 0.231, 192064
614, 1.13581, 0.231, 192377
615, 1.14047, 0.231, 192690
616, 1.13801, 0.23, 193004
617, 1.13734, 0.229, 193317
618, 1.13393, 0.226, 193630
619, 1.13324, 0.228, 193944
620, 1.14241, 0.231, 194257
621, 1.14499, 0.235, 194570
622, 1.1529, 0.238, 194884
623, 1.15625, 0.241, 195197
624, 1.17346, 0.243, 195510
625, 1.17062, 0.242, 195824
626, 1.1738, 0.243, 196137
627, 1.17344, 0.244, 196451
628, 1.17461, 0.243, 196764
629, 1.18117, 0.241, 197077
630, 1.17771, 0.241, 197391
631, 1.17268, 0.241, 197704
632, 1.18949, 0.242, 198017
633, 1.17556, 0.242, 198331
634, 1.18387, 0.244, 198644
635, 1.19804, 0.246, 198957
636, 1.17804, 0.246, 199271
637, 1.17653, 0.245, 199584
638, 1.17018, 0.248, 199898
639, 1.15677, 0.239, 200211
640, 1.15304, 0.237, 200524
641, 1.15179, 0.237, 200838
642, 1.15179, 0.237, 201151
643, 1.15581, 0.238, 201464
644, 1.15523, 0.241, 201777
645, 1.13845, 0.236, 202091
646, 1.14607, 0.235, 202404
647, 1.16233, 0.236, 202718
648, 1.14744, 0.233, 203031
649, 1.1577, 0.232, 203344
650, 1.15682, 0.236, 203658
651, 1.14377, 0.235, 203971
652, 1.14435, 0.233, 204284
653, 1.14475, 0.232, 204598
654, 1.14813, 0.228, 204911
655, 1.14269, 0.225, 205224
656, 1.14257, 0.226, 205538
657, 1.16309, 0.229, 205851
658, 1.15893, 0.232, 206164
659, 1.16707, 0.237, 206478
660, 1.15001, 0.235, 206791
661, 1.15662, 0.233, 207105
662, 1.16146, 0.234, 207418
663, 1.16156, 0.235, 207731
664, 1.16456, 0.236, 208045
665, 1.16192, 0.234, 208358
666, 1.1586, 0.232, 208671
667, 1.14273, 0.231, 208985
668, 1.14583, 0.231, 209298
669, 1.13927, 0.228, 209611
670, 1.1397, 0.232, 209925
671, 1.15588, 0.235, 210238
672, 1.14202, 0.233, 210551
673, 1.15081, 0.233, 210865
674, 1.1438, 0.23, 211178
675, 1.15579, 0.232, 211491
676, 1.13441, 0.227, 211805
677, 1.13826, 0.229, 212118
678, 1.13712, 0.232, 212431
679, 1.11866, 0.221, 212745
680, 1.12, 0.222, 213058
681, 1.12474, 0.221, 213371
682, 1.12328, 0.222, 213685
683, 1.10816, 0.221, 213998
684, 1.11409, 0.221, 214312
685, 1.09804, 0.224, 214625
686, 1.09701, 0.222, 214938
687, 1.10126, 0.218, 215251
688, 1.10341, 0.22, 215565
689, 1.11044, 0.225, 215878
690, 1.1094, 0.227, 216191
691, 1.11134, 0.224, 216505
692, 1.12695, 0.229, 216818
693, 1.11688, 0.224, 217131
694, 1.1212, 0.227, 217444
695, 1.11402, 0.226, 217758
696, 1.11225, 0.228, 218071
697, 1.10128, 0.226, 218384
698, 1.10188, 0.226, 218698
699, 1.10504, 0.229, 219011
700, 1.10291, 0.226, 219324
701, 1.1016, 0.227, 219638
702, 1.10575, 0.226, 219951
703, 1.13701, 0.236, 220265
704, 1.21137, 0.225, 220578
705, 1.18501, 0.222, 220891
706, 1.16805, 0.219, 221204
707, 1.15756, 0.219, 221518
708, 1.13993, 0.217, 221831
709, 1.13428, 0.218, 222144
710, 1.12476, 0.22, 222458
711, 1.1173, 0.219, 222771
712, 1.12016, 0.22, 223084
713, 1.13297, 0.226, 223398
714, 1.13658, 0.224, 223711
715, 1.13148, 0.222, 224025
716, 1.13885, 0.222, 224338
717, 1.1297, 0.225, 224651
718, 1.13116, 0.221, 224965
719, 1.129, 0.222, 225278
720, 1.12363, 0.219, 225591
721, 1.11198, 0.22, 225905
722, 1.11194, 0.223, 226218
723, 1.11166, 0.225, 226532
724, 1.11367, 0.225, 226845
725, 1.11255, 0.224, 227158
726, 1.10949, 0.222, 227472
727, 1.1064, 0.22, 227785
728, 1.11179, 0.219, 228098
729, 1.11364, 0.22, 228412
730, 1.11636, 0.221, 228725
731, 1.10729, 0.22, 229038
732, 1.10648, 0.221, 229352
733, 1.10632, 0.217, 229665
734, 1.1095, 0.215, 229979
735, 1.11995, 0.218, 230292
736, 1.11718, 0.216, 230605
737, 1.12155, 0.214, 230919
738, 1.11795, 0.215, 231232
739, 1.11989, 0.216, 231545
740, 1.12443, 0.221, 231858
741, 1.1183, 0.219, 232172
742, 1.12323, 0.22, 232485
743, 1.11458, 0.218, 232799
744, 1.12723, 0.219, 233112
745, 1.11904, 0.215, 233426
746, 1.12387, 0.219, 233740
747, 1.11923, 0.218, 234053
748, 1.10946, 0.22, 234367
749, 1.10553, 0.221, 234680
750, 1.10327, 0.22, 234993
751, 1.10482, 0.219, 235306
752, 1.10982, 0.219, 235620
753, 1.1092, 0.219, 235933
754, 1.10823, 0.22, 236247
755, 1.10375, 0.218, 236560
756, 1.10522, 0.221, 236873
757, 1.11035, 0.224, 237187
758, 1.10796, 0.223, 237500
759, 1.10289, 0.221, 237813
760, 1.10289, 0.222, 238126
761, 1.10388, 0.223, 238440
762, 1.09481, 0.224, 238753
763, 1.09924, 0.222, 239067
764, 1.09946, 0.221, 239380
765, 1.10153, 0.222, 239693
766, 1.09581, 0.217, 240007
767, 1.09954, 0.212, 240320
768, 1.09554, 0.215, 240633
769, 1.09207, 0.214, 240947
770, 1.09706, 0.214, 241260
771, 1.09788, 0.214, 241573
772, 1.10187, 0.212, 241887
773, 1.10458, 0.215, 242200
774, 1.09834, 0.217, 242513
775, 1.09613, 0.216, 242827
776, 1.10022, 0.217, 243140
777, 1.10007, 0.215, 243453
778, 1.1122, 0.217, 243766
779, 1.09991, 0.216, 244080
780, 1.11094, 0.221, 244393
781, 1.10424, 0.219, 244707
782, 1.10481, 0.22, 245020
783, 1.10076, 0.217, 245333
784, 1.11165, 0.22, 245647
785, 1.11928, 0.223, 245960
786, 1.11768, 0.224, 246273
787, 1.11483, 0.223, 246587
788, 1.11592, 0.221, 246900
789, 1.11916, 0.226, 247213
790, 1.11785, 0.224, 247527
791, 1.12613, 0.223, 247840
792, 1.11663, 0.221, 248153
793, 1.12781, 0.222, 248467
794, 1.12734, 0.22, 248780
795, 1.12811, 0.22, 249093
796, 1.12543, 0.218, 249407
797, 1.11636, 0.214, 249720
798, 1.11335, 0.216, 250033
799, 1.10396, 0.215, 250347
800, 1.10191, 0.214, 250660
801, 1.09505, 0.213, 250973
802, 1.09523, 0.216, 251287
803, 1.1001, 0.214, 251600
804, 1.09673, 0.216, 251913
805, 1.09588, 0.216, 252227
806, 1.09934, 0.214, 252540
807, 1.09471, 0.213, 252853
808, 1.09691, 0.215, 253167
809, 1.09339, 0.214, 253480
810, 1.0952, 0.215, 253793
811, 1.0892, 0.216, 254107
812, 1.09175, 0.215, 254420
813, 1.08786, 0.213, 254733
814, 1.08411, 0.212, 255047
815, 1.08599, 0.212, 255360
816, 1.09085, 0.214, 255673
817, 1.08766, 0.216, 255987
818, 1.08957, 0.213, 256300
819, 1.08872, 0.212, 256613
820, 1.07604, 0.209, 256927
821, 1.07583, 0.206, 257240
822, 1.07041, 0.206, 257554
823, 1.06676, 0.205, 257867
824, 1.06177, 0.203, 258180
825, 1.06314, 0.202, 258493
826, 1.07336, 0.204, 258807
827, 1.05708, 0.203, 259120
828, 1.05525, 0.204, 259433
829, 1.05894, 0.204, 259747
830, 1.04996, 0.203, 260060
831, 1.05427, 0.203, 260374
832, 1.04807, 0.201, 260687
833, 1.04492, 0.202, 261000
834, 1.05646, 0.206, 261314
835, 1.05135, 0.205, 261627
836, 1.05279, 0.202, 261940
837, 1.04896, 0.203, 262254
838, 1.05035, 0.203, 262567
839, 1.05057, 0.201, 262880
840, 1.04481, 0.195, 263194
841, 1.05847, 0.195, 263507
842, 1.04587, 0.196, 263820
843, 1.04385, 0.196, 264134
844, 1.04651, 0.2, 264447
845, 1.03874, 0.199, 264760
846, 1.03814, 0.196, 265074
847, 1.04092, 0.197, 265387
848, 1.04689, 0.199, 265701
849, 1.04412, 0.198, 266014
850, 1.05618, 0.2, 266327
851, 1.0476, 0.198, 266641
852, 1.04429, 0.2, 266954
853, 1.05355, 0.2, 267268
854, 1.05351, 0.201, 267581
855, 1.05632, 0.202, 267894
856, 1.04918, 0.201, 268208
857, 1.05831, 0.204, 268521
858, 1.04654, 0.203, 268834
859, 1.05142, 0.202, 269147
860, 1.05143, 0.201, 269461
861, 1.04719, 0.202, 269774
862, 1.05059, 0.202, 270088
863, 1.09761, 0.216, 270401
864, 1.09642, 0.219, 270714
865, 1.10019, 0.22, 271028
866, 1.0889, 0.216, 271341
867, 1.08349, 0.214, 271654
868, 1.0896, 0.215, 271968
869, 1.07853, 0.214, 272281
870, 1.08099, 0.215, 272594
871, 1.08035, 0.214, 272908
872, 1.07183, 0.214, 273221
873, 1.07037, 0.21, 273534
874, 1.06947, 0.21, 273848
875, 1.05984, 0.207, 274161
876, 1.06365, 0.209, 274475
877, 1.0629, 0.211, 274788
878, 1.07159, 0.211, 275101
879, 1.06531, 0.208, 275414
880, 1.06369, 0.209, 275728
881, 1.06392, 0.209, 276041
882, 1.0629, 0.209, 276354
883, 1.06162, 0.209, 276668
884, 1.0634, 0.208, 276981
885, 1.06709, 0.209, 277294
886, 1.05993, 0.208, 277608
887, 1.05992, 0.206, 277921
888, 1.05073, 0.207, 278235
889, 1.0435, 0.207, 278548
890, 1.04161, 0.207, 278861
891, 1.03037, 0.204, 279174
892, 1.02342, 0.201, 279488
893, 1.02523, 0.201, 279801
894, 1.02092, 0.201, 280115
895, 1.02183, 0.201, 280428
896, 1.03023, 0.203, 280741
897, 1.03095, 0.202, 281055
898, 1.02926, 0.199, 281368
899, 1.01561, 0.199, 281682
900, 1.0436, 0.201, 281995
901, 1.02625, 0.198, 282308
902, 1.02115, 0.199, 282621
903, 1.01485, 0.199, 282935
904, 1.01513, 0.197, 283248
905, 1.01653, 0.196, 283561
906, 1.02462, 0.197, 283875
907, 1.02327, 0.196, 284188
908, 1.02005, 0.194, 284501
909, 1.02024, 0.192, 284815
910, 1.01887, 0.19, 285128
911, 1.01815, 0.19, 285441
912, 1.01574, 0.192, 285755
913, 1.012, 0.193, 286068
914, 1.00979, 0.197, 286381
915, 1.00678, 0.194, 286695
916, 1.00093, 0.193, 287008
917, 1.00121, 0.193, 287321
918, 1.00063, 0.193, 287635
919, 0.999408, 0.193, 287948
920, 0.998083, 0.192, 288261
921, 1.00449, 0.191, 288575
922, 1.00458, 0.191, 288888
923, 1.0083, 0.195, 289201
924, 1.10236, 0.211, 289515
925, 1.08605, 0.212, 289828
926, 1.07898, 0.21, 290141
927, 1.07167, 0.207, 290455
928, 1.0751, 0.206, 290768
929, 1.05682, 0.206, 291081
930, 1.04086, 0.199, 291395
931, 1.04092, 0.198, 291708
932, 1.03935, 0.199, 292021
933, 1.05258, 0.2, 292334
934, 1.05115, 0.201, 292648
935, 1.0535, 0.206, 292961
936, 1.0547, 0.206, 293274
937, 1.06003, 0.205, 293588
938, 1.05435, 0.202, 293902
939, 1.06435, 0.203, 294215
940, 1.06851, 0.206, 294528
941, 1.07326, 0.206, 294842
942, 1.07676, 0.206, 295155
943, 1.05993, 0.202, 295468
944, 1.05685, 0.202, 295782
945, 1.06348, 0.2, 296095
946, 1.05514, 0.2, 296408
947, 1.0481, 0.199, 296722
948, 1.05115, 0.2, 297035
949, 1.04768, 0.2, 297348
950, 1.05551, 0.201, 297662
951, 1.04692, 0.202, 297975
952, 1.04649, 0.202, 298288
953, 1.04974, 0.202, 298602
954, 1.05131, 0.203, 298915
955, 1.04711, 0.202, 299228
956, 1.04611, 0.203, 299541
957, 1.04805, 0.2, 299855
958, 1.04056, 0.203, 300168
959, 1.03272, 0.201, 300482
960, 1.03306, 0.2, 300795
961, 1.02762, 0.198, 301108
962, 1.03659, 0.198, 301421
963, 1.03908, 0.203, 301735
964, 1.04384, 0.197, 302048
965, 1.04354, 0.201, 302361
966, 1.04588, 0.201, 302675
967, 1.0546, 0.202, 302988
968, 1.04878, 0.201, 303301
969, 1.04661, 0.197, 303615
970, 1.03575, 0.194, 303928
971, 1.02371, 0.19, 304241
972, 1.01184, 0.188, 304555
973, 1.01718, 0.191, 304868
974, 1.01295, 0.191, 305181
975, 1.01171, 0.195, 305494
976, 0.992434, 0.189, 305808
977, 1.07207, 0.202, 306121
978, 1.11292, 0.203, 306434
979, 1.08433, 0.199, 306748
980, 1.07283, 0.193, 307062
981, 1.07322, 0.196, 307375
982, 1.06727, 0.195, 307688
983, 1.05914, 0.191, 308001
984, 1.06082, 0.195, 308315
985, 1.06163, 0.196, 308628
986, 1.05658, 0.195, 308941
987, 1.05091, 0.196, 309255
988, 1.04262, 0.196, 309568
989, 1.02289, 0.191, 309881
990, 1.03035, 0.194, 310195
991, 1.02762, 0.191, 310508
992, 1.02741, 0.189, 310821
993, 1.0286, 0.193, 311134
994, 1.03459, 0.196, 311448
995, 1.03021, 0.194, 311761
996, 1.02712, 0.194, 312074
997, 1.03591, 0.197, 312388
998, 1.02336, 0.194, 312701
999, 1.03505, 0.197, 313015
1000, 1.02922, 0.199, 313328
