epoch, cross_entropy, error, time
1, 45.4513, 0.866, 611
2, 5.63407, 0.748, 1235
3, 3.2281, 0.572, 1859
4, 2.28886, 0.466, 2483
5, 2.44403, 0.47, 3107
6, 2.83706, 0.477, 3732
7, 2.86125, 0.441, 4356
8, 2.159, 0.36, 4980
9, 1.90174, 0.33, 5605
10, 1.79287, 0.304, 6229
11, 1.57382, 0.27, 6854
12, 1.40627, 0.228, 7478
13, 1.23108, 0.207, 8103
14, 1.19257, 0.187, 8727
15, 1.36006, 0.217, 9351
16, 1.22865, 0.203, 9976
17, 1.34862, 0.238, 10600
18, 1.26486, 0.219, 11225
19, 1.17353, 0.202, 11849
20, 1.37927, 0.21, 12474
21, 1.52611, 0.232, 13098
22, 1.64937, 0.252, 13723
23, 1.66395, 0.248, 14347
24, 1.47132, 0.255, 14971
25, 1.66624, 0.28, 15596
26, 1.69268, 0.273, 16220
27, 1.59897, 0.27, 16845
28, 1.81995, 0.305, 17469
29, 1.68194, 0.309, 18094
30, 1.49326, 0.285, 18718
31, 1.38599, 0.265, 19343
32, 1.30885, 0.24, 19967
33, 1.33639, 0.25, 20592
34, 1.21523, 0.241, 21216
35, 1.25863, 0.243, 21840
36, 1.35676, 0.25, 22465
37, 1.29292, 0.241, 23089
38, 1.61626, 0.27, 23714
39, 1.66731, 0.278, 24338
40, 1.50497, 0.272, 24962
41, 1.39187, 0.248, 25587
42, 1.37001, 0.246, 26211
43, 1.31649, 0.244, 26836
44, 1.26282, 0.243, 27460
45, 1.25527, 0.244, 28084
46, 1.2854, 0.244, 28709
47, 1.26557, 0.239, 29333
48, 1.40293, 0.255, 29958
49, 1.27108, 0.237, 30582
50, 1.21865, 0.231, 31206
51, 1.22483, 0.241, 31831
52, 1.43837, 0.261, 32455
53, 1.31954, 0.256, 33079
54, 1.40775, 0.251, 33704
55, 1.34791, 0.254, 34328
56, 1.33831, 0.243, 34953
57, 1.29613, 0.231, 35577
58, 1.30825, 0.236, 36201
59, 1.22799, 0.225, 36826
60, 1.19316, 0.211, 37450
61, 1.45622, 0.246, 38074
62, 1.2858, 0.228, 38699
63, 1.24669, 0.209, 39323
64, 1.205, 0.197, 39948
65, 1.13271, 0.191, 40572
66, 1.13961, 0.193, 41196
67, 1.11064, 0.185, 41821
68, 1.08792, 0.186, 42445
69, 1.09918, 0.186, 43069
70, 1.34258, 0.241, 43694
71, 1.71599, 0.287, 44318
72, 1.60492, 0.271, 44943
73, 1.47486, 0.246, 45567
74, 1.40938, 0.24, 46191
75, 1.39476, 0.243, 46816
76, 1.37971, 0.235, 47440
77, 1.3418, 0.233, 48065
78, 1.55656, 0.264, 48689
79, 1.37613, 0.256, 49313
80, 1.37599, 0.251, 49938
81, 1.32824, 0.253, 50562
82, 1.30344, 0.246, 51187
83, 1.30103, 0.242, 51812
84, 1.31856, 0.234, 52436
85, 1.24567, 0.226, 53060
86, 1.22311, 0.209, 53685
87, 1.42855, 0.243, 54309
88, 1.68393, 0.277, 54933
89, 1.54969, 0.26, 55558
90, 1.50797, 0.242, 56182
91, 1.49111, 0.251, 56806
92, 1.42064, 0.235, 57431
93, 1.41554, 0.239, 58055
94, 1.39294, 0.237, 58679
95, 1.33643, 0.231, 59304
96, 1.30129, 0.222, 59928
97, 1.27915, 0.225, 60552
98, 1.24885, 0.216, 61177
99, 1.21245, 0.214, 61801
100, 1.18187, 0.211, 62425
101, 1.09965, 0.186, 63049
102, 1.16534, 0.201, 63674
103, 1.19535, 0.209, 64298
104, 1.14346, 0.204, 64923
105, 1.17046, 0.202, 65547
106, 1.12709, 0.186, 66172
107, 1.08951, 0.183, 66796
108, 1.06727, 0.189, 67420
109, 1.08278, 0.19, 68044
110, 1.0691, 0.19, 68669
111, 1.02425, 0.184, 69293
112, 1.03378, 0.186, 69917
113, 1.00963, 0.182, 70542
114, 0.992003, 0.177, 71166
115, 1.01543, 0.181, 71790
116, 0.969848, 0.177, 72415
117, 0.999161, 0.179, 73039
118, 1.14288, 0.205, 73663
119, 1.01864, 0.188, 74288
120, 1.00555, 0.187, 74912
121, 0.99485, 0.185, 75536
122, 0.987299, 0.181, 76160
123, 0.961566, 0.181, 76785
124, 1.0327, 0.17, 77409
125, 1.11717, 0.183, 78034
126, 1.0645, 0.174, 78658
127, 1.04212, 0.181, 79282
128, 1.0132, 0.174, 79907
129, 0.990809, 0.177, 80531
130, 0.996877, 0.171, 81155
131, 0.98969, 0.162, 81780
132, 0.973684, 0.161, 82404
133, 0.960681, 0.161, 83029
134, 0.936464, 0.154, 83653
135, 0.910876, 0.147, 84277
136, 0.867309, 0.147, 84901
137, 0.877901, 0.153, 85526
138, 0.869489, 0.156, 86150
139, 0.830487, 0.149, 86775
140, 0.822905, 0.139, 87399
141, 0.820642, 0.139, 88023
142, 0.843111, 0.143, 88648
143, 0.844347, 0.144, 89272
144, 0.835473, 0.145, 89896
145, 0.845063, 0.144, 90521
146, 0.872805, 0.15, 91145
147, 0.821096, 0.141, 91769
148, 0.817164, 0.139, 92394
149, 0.817189, 0.14, 93018
150, 0.807301, 0.139, 93642
151, 0.800608, 0.138, 94266
152, 0.813948, 0.138, 94891
153, 0.813341, 0.138, 95515
154, 0.795128, 0.138, 96139
155, 0.795104, 0.133, 96764
156, 0.913199, 0.164, 97389
157, 0.986743, 0.175, 98013
158, 0.977067, 0.175, 98637
159, 0.973087, 0.167, 99261
160, 0.970544, 0.159, 99886
161, 1.0862, 0.178, 100510
162, 0.995054, 0.168, 101135
163, 1.10713, 0.18, 101760
164, 1.08498, 0.176, 102385
165, 1.03176, 0.171, 103010
166, 1.05198, 0.175, 103635
167, 1.01709, 0.168, 104260
168, 0.988783, 0.169, 104885
169, 0.958525, 0.165, 105510
170, 0.914569, 0.159, 106135
171, 0.902572, 0.161, 106760
172, 0.92671, 0.156, 107385
173, 0.874385, 0.152, 108010
174, 0.891925, 0.157, 108635
175, 0.862692, 0.149, 109260
176, 0.880395, 0.151, 109885
177, 0.878062, 0.146, 110510
178, 0.855089, 0.148, 111135
179, 0.83004, 0.134, 111760
180, 0.815098, 0.13, 112385
181, 0.781257, 0.13, 113010
182, 0.778035, 0.132, 113636
183, 0.762594, 0.128, 114261
184, 0.770232, 0.124, 114885
185, 0.765056, 0.125, 115511
186, 0.76275, 0.126, 116135
187, 0.770452, 0.129, 116760
188, 0.75937, 0.127, 117385
189, 0.758534, 0.123, 118010
190, 0.760139, 0.124, 118635
191, 0.752972, 0.124, 119260
192, 0.736742, 0.125, 119885
193, 0.719029, 0.129, 120510
194, 0.745487, 0.13, 121135
195, 0.745021, 0.125, 121760
196, 0.761875, 0.131, 122385
197, 0.744664, 0.13, 123010
198, 0.757171, 0.129, 123635
199, 0.748406, 0.123, 124260
200, 0.721053, 0.126, 124885
201, 0.713234, 0.131, 125510
202, 0.690036, 0.122, 126134
203, 0.677205, 0.124, 126759
204, 0.717052, 0.127, 127384
205, 0.728495, 0.119, 128009
206, 0.731339, 0.125, 128634
207, 0.704966, 0.117, 129259
208, 0.709461, 0.122, 129884
209, 0.698484, 0.116, 130509
210, 0.687295, 0.118, 131134
211, 0.692754, 0.116, 131759
212, 0.708081, 0.119, 132384
213, 0.691769, 0.115, 133008
214, 0.802048, 0.13, 133634
215, 0.779416, 0.129, 134258
216, 0.776153, 0.124, 134883
217, 0.757914, 0.124, 135508
218, 0.762528, 0.125, 136133
219, 0.751841, 0.124, 136758
220, 0.733409, 0.123, 137383
221, 0.800187, 0.125, 138008
222, 0.795953, 0.129, 138633
223, 0.774322, 0.127, 139258
224, 0.763336, 0.126, 139883
225, 0.756171, 0.123, 140508
226, 0.747193, 0.123, 141132
227, 0.734491, 0.124, 141757
228, 0.727156, 0.121, 142382
229, 0.725952, 0.117, 143007
230, 0.71594, 0.119, 143632
231, 0.711577, 0.119, 144257
232, 0.743569, 0.121, 144882
233, 0.770961, 0.117, 145507
234, 0.757223, 0.115, 146132
235, 0.754514, 0.117, 146757
236, 0.717544, 0.11, 147382
237, 0.72523, 0.11, 148007
238, 0.717136, 0.109, 148632
239, 0.706524, 0.11, 149257
240, 0.697063, 0.11, 149881
241, 0.685033, 0.111, 150506
242, 0.669454, 0.109, 151131
243, 0.673174, 0.107, 151756
244, 0.688924, 0.104, 152381
245, 0.689015, 0.105, 153006
246, 0.822494, 0.114, 153631
247, 0.76718, 0.111, 154255
248, 0.734543, 0.107, 154880
249, 0.71515, 0.108, 155505
250, 0.696412, 0.105, 156130
251, 0.688769, 0.1, 156755
252, 0.713059, 0.104, 157380
253, 0.716305, 0.113, 158004
254, 0.712633, 0.109, 158629
255, 0.682079, 0.103, 159254
256, 0.712019, 0.104, 159879
257, 0.677696, 0.101, 160504
258, 0.661159, 0.099, 161129
259, 0.651342, 0.097, 161754
260, 0.640886, 0.094, 162379
261, 0.644204, 0.098, 163003
262, 0.634577, 0.099, 163629
263, 0.608882, 0.088, 164253
264, 0.616292, 0.094, 164878
265, 0.612441, 0.095, 165503
266, 0.608886, 0.091, 166128
267, 0.607064, 0.09, 166753
268, 0.594867, 0.086, 167378
269, 0.57801, 0.081, 168003
270, 0.573027, 0.082, 168628
271, 0.563136, 0.077, 169252
272, 0.582009, 0.081, 169877
273, 0.573658, 0.077, 170502
274, 0.574791, 0.077, 171128
275, 0.588105, 0.081, 171753
276, 0.588577, 0.081, 172378
277, 0.603948, 0.082, 173003
278, 0.590438, 0.082, 173628
279, 0.578696, 0.075, 174253
280, 0.57126, 0.076, 174877
281, 0.579407, 0.083, 175502
282, 0.583654, 0.08, 176127
283, 0.606059, 0.086, 176752
284, 0.598016, 0.084, 177377
285, 0.597502, 0.087, 178002
286, 0.593738, 0.084, 178627
287, 0.584509, 0.08, 179252
288, 0.561774, 0.084, 179877
289, 0.557815, 0.083, 180502
290, 0.559224, 0.08, 181127
291, 0.781155, 0.107, 181752
292, 0.68382, 0.096, 182376
293, 0.665567, 0.094, 183001
294, 0.627518, 0.094, 183625
295, 0.626251, 0.093, 184250
296, 0.623269, 0.091, 184874
297, 0.61078, 0.092, 185499
298, 0.606066, 0.09, 186123
299, 0.587073, 0.086, 186748
300, 0.569984, 0.086, 187372
301, 0.580399, 0.087, 187997
302, 0.57018, 0.081, 188621
303, 0.572012, 0.083, 189246
304, 0.563428, 0.082, 189871
305, 0.55414, 0.075, 190495
306, 0.555632, 0.077, 191120
307, 0.543676, 0.079, 191744
308, 0.53575, 0.079, 192369
309, 0.526884, 0.079, 192993
310, 0.521954, 0.076, 193618
311, 0.522232, 0.073, 194242
312, 0.524303, 0.077, 194867
313, 0.537952, 0.077, 195491
314, 0.546881, 0.077, 196116
315, 0.543639, 0.076, 196740
316, 0.54192, 0.075, 197365
317, 0.550413, 0.071, 197989
318, 0.550003, 0.07, 198614
319, 0.547688, 0.068, 199239
320, 0.552637, 0.071, 199863
321, 0.541861, 0.071, 200488
322, 0.524464, 0.07, 201112
323, 0.536585, 0.069, 201737
324, 0.535625, 0.074, 202361
325, 0.529001, 0.075, 202986
326, 0.533298, 0.074, 203611
327, 0.526873, 0.071, 204235
328, 0.516711, 0.073, 204860
329, 0.52422, 0.074, 205484
330, 0.517264, 0.068, 206109
331, 0.506978, 0.069, 206733
332, 0.524987, 0.071, 207358
333, 0.515689, 0.067, 207982
334, 0.509957, 0.072, 208607
335, 0.512516, 0.068, 209231
336, 0.515806, 0.069, 209856
337, 0.486023, 0.065, 210481
338, 0.482317, 0.063, 211105
339, 0.594996, 0.081, 211730
340, 0.574309, 0.077, 212354
341, 0.565769, 0.077, 212979
342, 0.560999, 0.073, 213603
343, 0.551138, 0.071, 214228
344, 0.553279, 0.07, 214852
345, 0.543994, 0.068, 215477
346, 0.539469, 0.069, 216101
347, 0.542475, 0.07, 216726
348, 0.537994, 0.07, 217350
349, 0.543246, 0.07, 217975
350, 0.532649, 0.072, 218599
351, 0.534892, 0.071, 219224
352, 0.539291, 0.07, 219848
353, 0.528116, 0.072, 220473
354, 0.535252, 0.074, 221097
355, 0.554106, 0.074, 221722
356, 0.720314, 0.107, 222346
357, 0.687729, 0.107, 222971
358, 0.644384, 0.103, 223595
359, 0.640056, 0.105, 224220
360, 0.612408, 0.101, 224844
361, 0.606057, 0.099, 225469
362, 0.585283, 0.095, 226093
363, 0.561114, 0.088, 226718
364, 0.562225, 0.087, 227342
365, 0.576789, 0.09, 227967
366, 0.567214, 0.089, 228591
367, 0.650259, 0.1, 229216
368, 0.844782, 0.138, 229840
369, 0.832781, 0.143, 230465
370, 0.824391, 0.135, 231096
371, 0.816184, 0.136, 231725
372, 0.789673, 0.128, 232349
373, 0.770471, 0.127, 232974
374, 0.769752, 0.124, 233599
375, 0.746945, 0.117, 234223
376, 0.742643, 0.112, 234848
377, 0.744754, 0.115, 235472
378, 0.747797, 0.118, 236097
379, 0.709595, 0.115, 236721
380, 0.73013, 0.122, 237346
381, 0.701665, 0.118, 237970
382, 0.687858, 0.116, 238595
383, 0.690624, 0.112, 239219
384, 0.679099, 0.115, 239844
385, 0.67907, 0.116, 240468
386, 0.673515, 0.118, 241093
387, 0.685148, 0.121, 241717
388, 0.702185, 0.119, 242342
389, 0.669265, 0.111, 242966
390, 0.659786, 0.099, 243591
391, 0.653873, 0.1, 244216
392, 0.633339, 0.098, 244840
393, 0.651499, 0.099, 245465
394, 0.629078, 0.095, 246090
395, 0.617914, 0.091, 246714
396, 0.597498, 0.089, 247339
397, 0.567161, 0.081, 247964
398, 0.600362, 0.083, 248588
399, 0.577915, 0.08, 249213
400, 0.618976, 0.087, 249837
401, 0.613025, 0.081, 250462
402, 0.621605, 0.089, 251086
403, 0.592078, 0.083, 251711
404, 0.613752, 0.088, 252335
405, 0.618811, 0.088, 252960
406, 0.595943, 0.084, 253584
407, 0.600186, 0.088, 254209
408, 0.591475, 0.083, 254833
409, 0.626644, 0.09, 255458
410, 0.628976, 0.093, 256082
411, 0.58569, 0.083, 256707
412, 0.60237, 0.088, 257331
413, 0.60297, 0.088, 257956
414, 0.617916, 0.091, 258581
415, 0.632375, 0.086, 259205
416, 0.62037, 0.086, 259830
417, 0.619362, 0.084, 260454
418, 0.611047, 0.082, 261079
419, 0.60812, 0.081, 261703
420, 0.6229, 0.08, 262328
421, 0.616034, 0.084, 262952
422, 0.587334, 0.081, 263577
423, 0.550302, 0.074, 264201
424, 0.575809, 0.074, 264826
425, 0.560712, 0.074, 265450
426, 0.571316, 0.078, 266075
427, 0.569941, 0.076, 266699
428, 0.574021, 0.076, 267324
429, 0.559418, 0.075, 267948
430, 0.546501, 0.075, 268573
431, 0.549302, 0.076, 269197
432, 0.548734, 0.071, 269822
433, 0.540297, 0.07, 270446
434, 0.560595, 0.077, 271071
435, 0.564269, 0.074, 271695
436, 0.573342, 0.08, 272320
437, 0.546657, 0.079, 272944
438, 0.556629, 0.076, 273569
439, 0.536882, 0.072, 274193
440, 0.529631, 0.073, 274818
441, 0.521402, 0.071, 275443
442, 0.529335, 0.075, 276067
443, 0.522434, 0.076, 276691
444, 0.513218, 0.074, 277316
445, 0.506077, 0.073, 277940
446, 0.504776, 0.071, 278565
447, 0.503312, 0.073, 279189
448, 0.505805, 0.072, 279814
449, 0.497731, 0.064, 280438
450, 0.500319, 0.068, 281063
451, 0.515797, 0.069, 281687
452, 0.584879, 0.085, 282312
453, 0.53002, 0.077, 282936
454, 0.514552, 0.076, 283561
455, 0.504023, 0.074, 284185
456, 0.49862, 0.074, 284810
457, 0.517828, 0.073, 285434
458, 0.524541, 0.072, 286059
459, 0.516321, 0.071, 286683
460, 0.512028, 0.07, 287308
461, 0.548836, 0.076, 287932
462, 0.61236, 0.09, 288557
463, 0.591199, 0.092, 289181
464, 0.564419, 0.09, 289806
465, 0.556016, 0.092, 290430
466, 0.574825, 0.094, 291067
467, 0.796212, 0.104, 291692
468, 0.985947, 0.144, 292317
469, 0.901399, 0.13, 292941
470, 0.805954, 0.126, 293566
471, 0.774219, 0.123, 294190
472, 0.745442, 0.118, 294815
473, 0.723181, 0.109, 295439
474, 0.717714, 0.108, 296064
475, 0.711792, 0.111, 296688
476, 0.713812, 0.114, 297313
477, 0.709841, 0.113, 297937
478, 0.694121, 0.114, 298562
479, 0.670576, 0.108, 299186
480, 0.6597, 0.107, 299811
481, 0.67493, 0.11, 300436
482, 0.64654, 0.107, 301060
483, 0.666226, 0.107, 301685
484, 0.653168, 0.102, 302309
485, 0.656269, 0.104, 302934
486, 0.642643, 0.099, 303558
487, 0.663001, 0.102, 304183
488, 0.668192, 0.105, 304807
489, 0.658628, 0.103, 305432
490, 0.66816, 0.105, 306056
491, 0.665193, 0.103, 306681
492, 0.643582, 0.094, 307305
493, 0.666554, 0.094, 307930
494, 0.63614, 0.089, 308555
495, 0.645978, 0.092, 309179
496, 0.635651, 0.092, 309804
497, 0.647091, 0.095, 310429
498, 0.644262, 0.098, 311053
499, 0.625685, 0.093, 311678
500, 0.633293, 0.098, 312302
501, 0.617793, 0.095, 312927
502, 0.613362, 0.093, 313551
503, 0.610895, 0.091, 314176
504, 0.603112, 0.09, 314800
505, 0.596462, 0.09, 315425
506, 0.600517, 0.089, 316049
507, 0.616924, 0.089, 316674
508, 0.62125, 0.089, 317298
509, 0.641373, 0.097, 317923
510, 0.620725, 0.091, 318548
511, 0.62481, 0.09, 319172
512, 0.628921, 0.094, 319797
513, 0.613456, 0.09, 320421
514, 0.607169, 0.088, 321046
515, 0.617965, 0.087, 321670
516, 0.626465, 0.091, 322295
517, 0.641025, 0.092, 322919
518, 0.637245, 0.09, 323544
519, 0.607767, 0.084, 324168
520, 0.613051, 0.078, 324793
521, 0.605774, 0.08, 325417
522, 0.594507, 0.081, 326042
523, 0.567509, 0.078, 326667
524, 0.563704, 0.083, 327291
525, 0.545468, 0.08, 327916
526, 0.544367, 0.082, 328541
527, 0.536839, 0.081, 329165
528, 0.521454, 0.076, 329790
529, 0.533454, 0.077, 330414
530, 0.536203, 0.076, 331039
531, 0.536426, 0.079, 331663
532, 0.550261, 0.078, 332288
533, 0.541133, 0.073, 332912
534, 0.593864, 0.08, 333537
535, 0.594186, 0.086, 334162
536, 0.596611, 0.085, 334786
537, 0.646727, 0.096, 335411
538, 0.653481, 0.096, 336035
539, 0.643475, 0.094, 336660
540, 0.635988, 0.089, 337284
541, 0.643316, 0.089, 337909
542, 0.640903, 0.087, 338533
543, 0.636935, 0.093, 339158
544, 0.62794, 0.09, 339783
545, 0.611936, 0.087, 340407
546, 0.606091, 0.09, 341032
547, 0.604919, 0.09, 341656
548, 0.604766, 0.087, 342281
549, 0.609267, 0.089, 342905
550, 0.593381, 0.089, 343530
551, 0.584289, 0.09, 344154
552, 0.584264, 0.091, 344779
553, 0.561582, 0.09, 345404
554, 0.564952, 0.088, 346028
555, 0.565714, 0.088, 346653
556, 0.566529, 0.087, 347277
557, 0.56278, 0.089, 347902
558, 0.55683, 0.086, 348526
559, 0.58097, 0.08, 349151
560, 0.564681, 0.083, 349776
561, 0.554296, 0.083, 350400
562, 0.546953, 0.077, 351025
563, 0.541527, 0.074, 351650
564, 0.552506, 0.082, 352274
565, 0.54249, 0.08, 352899
566, 0.545597, 0.077, 353523
567, 0.554479, 0.084, 354148
568, 0.554331, 0.084, 354772
569, 0.555586, 0.084, 355397
570, 0.567866, 0.088, 356022
571, 0.570518, 0.084, 356646
572, 0.55351, 0.084, 357271
573, 0.572755, 0.09, 357895
574, 0.558299, 0.086, 358520
575, 0.566411, 0.09, 359144
576, 0.571988, 0.087, 359769
577, 0.577872, 0.085, 360393
578, 0.606227, 0.088, 361018
579, 0.596545, 0.09, 361642
580, 0.610858, 0.092, 362267
581, 0.59985, 0.088, 362891
582, 0.607886, 0.091, 363516
583, 0.621008, 0.094, 364140
584, 0.618548, 0.099, 364765
585, 0.613048, 0.097, 365389
586, 0.609114, 0.1, 366014
587, 0.586542, 0.089, 366638
588, 0.581719, 0.091, 367263
589, 0.586515, 0.092, 367887
590, 0.587708, 0.092, 368512
591, 0.598844, 0.092, 369136
592, 0.600817, 0.096, 369761
593, 0.60919, 0.096, 370385
594, 0.641427, 0.1, 371010
595, 0.684198, 0.108, 371634
596, 0.676279, 0.109, 372259
597, 0.664842, 0.104, 372883
598, 0.735329, 0.111, 373508
599, 0.727041, 0.109, 374132
600, 0.700595, 0.108, 374757
601, 0.752011, 0.119, 375381
602, 0.791838, 0.126, 376006
603, 0.879722, 0.133, 376630
604, 0.85394, 0.126, 377255
605, 0.830426, 0.125, 377879
606, 0.797392, 0.123, 378504
607, 0.792778, 0.121, 379128
608, 0.77739, 0.119, 379753
609, 0.780941, 0.121, 380377
610, 0.890084, 0.123, 381002
611, 0.851901, 0.12, 381626
612, 0.826804, 0.116, 382251
613, 0.780829, 0.1, 382875
614, 0.778644, 0.107, 383500
615, 0.71253, 0.093, 384124
616, 0.689051, 0.094, 384749
617, 0.669994, 0.093, 385373
618, 0.675629, 0.094, 385998
619, 0.660209, 0.09, 386623
620, 0.635739, 0.088, 387247
621, 0.662619, 0.086, 387872
622, 0.623906, 0.082, 388496
623, 0.613055, 0.082, 389121
624, 0.634253, 0.086, 389746
625, 0.590817, 0.079, 390370
626, 0.589871, 0.081, 390995
627, 0.592707, 0.08, 391619
628, 0.585517, 0.075, 392244
629, 0.604463, 0.078, 392868
630, 0.62653, 0.083, 393493
631, 0.610219, 0.082, 394117
632, 0.594694, 0.081, 394742
633, 0.577449, 0.081, 395366
634, 0.58525, 0.083, 395991
635, 0.586881, 0.085, 396615
636, 0.577508, 0.08, 397240
637, 0.5864, 0.081, 397864
638, 0.598995, 0.081, 398489
639, 0.665308, 0.097, 399113
640, 0.667427, 0.1, 399738
641, 0.647982, 0.093, 400362
642, 0.617, 0.094, 400986
643, 0.626312, 0.094, 401611
644, 0.612675, 0.092, 402235
645, 0.686376, 0.105, 402860
646, 0.703687, 0.118, 403484
647, 0.669601, 0.109, 404108
648, 0.650962, 0.102, 404731
649, 0.675872, 0.105, 405356
650, 0.676944, 0.103, 405979
651, 0.671837, 0.104, 406603
652, 0.661065, 0.1, 407227
653, 0.666251, 0.103, 407851
654, 0.680486, 0.105, 408474
655, 0.67715, 0.109, 409098
656, 0.660563, 0.103, 409722
657, 0.638298, 0.103, 410346
658, 0.682656, 0.11, 410970
659, 0.666893, 0.114, 411594
660, 0.658917, 0.108, 412218
661, 0.643014, 0.107, 412842
662, 0.681803, 0.111, 413466
663, 0.653761, 0.105, 414089
664, 0.644573, 0.101, 414713
665, 0.621581, 0.098, 415337
666, 0.618577, 0.096, 415961
667, 0.614167, 0.095, 416585
668, 0.616465, 0.094, 417208
669, 0.616217, 0.09, 417832
670, 0.657317, 0.096, 418456
671, 0.738905, 0.117, 419080
672, 0.787416, 0.125, 419703
673, 0.766269, 0.122, 420327
674, 0.771057, 0.127, 420951
675, 0.779759, 0.123, 421575
676, 0.778087, 0.127, 422199
677, 0.761984, 0.113, 422822
678, 0.747087, 0.115, 423446
679, 0.737271, 0.111, 424070
680, 0.734707, 0.106, 424694
681, 0.697171, 0.103, 425317
682, 0.712906, 0.106, 425941
683, 0.711282, 0.111, 426565
684, 0.693065, 0.107, 427189
685, 0.746831, 0.124, 427813
686, 0.841372, 0.124, 428436
687, 0.827236, 0.122, 429060
688, 0.825673, 0.124, 429684
689, 0.81051, 0.12, 430308
690, 0.810946, 0.118, 430932
691, 0.810214, 0.114, 431555
692, 0.825, 0.113, 432179
693, 0.81027, 0.113, 432803
694, 0.809359, 0.114, 433427
695, 0.778795, 0.109, 434051
696, 0.753927, 0.106, 434674
697, 0.750361, 0.108, 435298
698, 0.743699, 0.104, 435922
699, 0.732854, 0.103, 436546
700, 0.711117, 0.094, 437169
701, 0.70519, 0.092, 437793
702, 0.698186, 0.096, 438417
703, 0.704879, 0.112, 439041
704, 0.696922, 0.107, 439665
705, 0.684256, 0.104, 440289
706, 0.68046, 0.103, 440912
707, 0.676466, 0.096, 441536
708, 0.668335, 0.096, 442160
709, 0.676534, 0.1, 442784
710, 0.675892, 0.1, 443407
711, 0.677615, 0.098, 444031
712, 0.682301, 0.094, 444655
713, 0.761558, 0.113, 445279
714, 0.757421, 0.098, 445903
715, 0.723302, 0.098, 446527
716, 0.726753, 0.096, 447150
717, 0.723852, 0.093, 447774
718, 0.722401, 0.099, 448398
719, 0.728541, 0.106, 449022
720, 0.704111, 0.1, 449645
721, 0.685646, 0.097, 450269
722, 0.691613, 0.102, 450893
723, 0.693729, 0.1, 451517
724, 0.705246, 0.104, 452140
725, 0.694301, 0.095, 452764
726, 0.675224, 0.095, 453388
727, 0.683628, 0.097, 454012
728, 0.670388, 0.092, 454635
729, 0.663496, 0.095, 455259
730, 0.662198, 0.099, 455883
731, 0.654875, 0.097, 456507
732, 0.706676, 0.102, 457130
733, 0.699058, 0.104, 457754
734, 0.710444, 0.106, 458378
735, 0.703131, 0.105, 459001
736, 0.69325, 0.103, 459626
737, 0.698692, 0.102, 460249
738, 0.696336, 0.104, 460873
739, 0.682275, 0.105, 461497
740, 0.689825, 0.102, 462121
741, 0.671288, 0.103, 462744
742, 0.656482, 0.108, 463368
743, 1.09145, 0.147, 463992
744, 0.888477, 0.123, 464616
745, 0.839991, 0.122, 465239
746, 0.805072, 0.116, 465863
747, 0.778127, 0.112, 466487
748, 0.761814, 0.11, 467111
749, 0.773408, 0.111, 467734
750, 0.748074, 0.104, 468358
751, 0.758133, 0.101, 468991
752, 0.774972, 0.102, 469618
753, 0.751356, 0.108, 470242
754, 0.860419, 0.123, 470866
755, 0.833919, 0.117, 471490
756, 0.842186, 0.127, 472114
757, 0.802324, 0.127, 472738
758, 0.76364, 0.12, 473361
759, 0.730709, 0.11, 473985
760, 0.740264, 0.112, 474609
761, 0.718704, 0.107, 475233
762, 0.728209, 0.103, 475857
763, 0.752199, 0.113, 476481
764, 0.738869, 0.114, 477104
765, 0.751464, 0.116, 477728
766, 0.797371, 0.113, 478352
767, 0.776693, 0.107, 478976
768, 0.780173, 0.107, 479600
769, 0.785284, 0.109, 480223
770, 0.787418, 0.108, 480847
771, 0.788435, 0.109, 481471
772, 0.779326, 0.106, 482095
773, 0.78892, 0.11, 482719
774, 0.800221, 0.111, 483343
775, 0.817534, 0.111, 483966
776, 0.818934, 0.116, 484590
777, 0.819031, 0.119, 485214
778, 0.805333, 0.114, 485838
779, 0.800503, 0.115, 486461
780, 0.784872, 0.108, 487085
781, 0.79706, 0.117, 487709
782, 0.777308, 0.11, 488333
783, 0.777436, 0.109, 488956
784, 0.762209, 0.108, 489581
785, 0.801801, 0.108, 490204
786, 0.822746, 0.116, 490828
787, 0.820745, 0.117, 491452
788, 0.797712, 0.112, 492076
789, 0.780614, 0.107, 492699
790, 0.779422, 0.104, 493323
791, 0.777958, 0.105, 493947
792, 0.753699, 0.104, 494571
793, 0.74193, 0.1, 495195
794, 0.762461, 0.101, 495819
795, 0.741904, 0.1, 496442
796, 0.753676, 0.106, 497066
797, 0.769043, 0.111, 497690
798, 0.770323, 0.11, 498314
799, 0.77634, 0.106, 498938
800, 0.765489, 0.105, 499561
801, 0.771599, 0.106, 500185
802, 0.756851, 0.103, 500809
803, 0.754673, 0.104, 501433
804, 0.755576, 0.1, 502057
805, 0.751106, 0.102, 502680
806, 0.748918, 0.104, 503304
807, 0.727948, 0.098, 503928
808, 0.737575, 0.098, 504552
809, 0.754235, 0.102, 505176
810, 0.733252, 0.107, 505799
811, 0.729123, 0.111, 506423
812, 0.70758, 0.104, 507047
813, 0.725676, 0.107, 507671
814, 0.739971, 0.107, 508295
815, 0.709265, 0.104, 508919
816, 0.708881, 0.101, 509542
817, 0.687901, 0.099, 510166
818, 0.691861, 0.096, 510790
819, 0.68677, 0.097, 511414
820, 0.68426, 0.093, 512038
821, 0.66485, 0.096, 512661
822, 0.658748, 0.092, 513285
823, 0.66411, 0.094, 513909
824, 0.669947, 0.093, 514533
825, 0.68016, 0.096, 515156
826, 0.675012, 0.093, 515780
827, 0.648468, 0.091, 516404
828, 0.642013, 0.09, 517028
829, 0.653448, 0.095, 517651
830, 0.640245, 0.093, 518275
831, 0.661788, 0.096, 518899
832, 0.656921, 0.094, 519522
833, 0.631102, 0.093, 520146
834, 0.653485, 0.1, 520770
835, 0.842345, 0.123, 521394
836, 0.824483, 0.112, 522017
837, 0.754733, 0.105, 522641
838, 0.736703, 0.111, 523265
839, 0.704208, 0.111, 523888
840, 0.690284, 0.108, 524512
841, 0.658032, 0.103, 525136
842, 0.672696, 0.102, 525760
843, 0.627412, 0.094, 526383
844, 0.651782, 0.096, 527007
845, 0.654133, 0.097, 527631
846, 0.633073, 0.093, 528255
847, 0.642487, 0.095, 528879
848, 0.651221, 0.098, 529502
849, 0.63863, 0.097, 530126
850, 0.63524, 0.098, 530751
851, 0.632687, 0.097, 531375
852, 0.625712, 0.093, 531999
853, 0.66152, 0.094, 532622
854, 0.662, 0.095, 533246
855, 0.666273, 0.093, 533870
856, 0.659559, 0.096, 534493
857, 0.695821, 0.106, 535117
858, 0.722489, 0.106, 535741
859, 0.707644, 0.106, 536364
860, 0.697629, 0.109, 536988
861, 0.768845, 0.111, 537612
862, 0.859979, 0.128, 538236
863, 0.801618, 0.128, 538860
864, 0.758405, 0.12, 539483
865, 0.737555, 0.122, 540107
866, 0.744152, 0.119, 540731
867, 0.767234, 0.122, 541355
868, 0.72106, 0.12, 541978
869, 0.733985, 0.118, 542602
870, 0.723902, 0.117, 543226
871, 0.699272, 0.112, 543850
872, 0.799464, 0.115, 544474
873, 0.80883, 0.124, 545098
874, 0.808971, 0.124, 545722
875, 0.760804, 0.117, 546345
876, 0.755597, 0.115, 546969
877, 0.756609, 0.116, 547593
878, 0.75261, 0.112, 548217
879, 0.788286, 0.119, 548841
880, 0.752958, 0.107, 549464
881, 0.727104, 0.105, 550088
882, 0.710618, 0.102, 550712
883, 0.691148, 0.099, 551336
884, 0.702899, 0.111, 551960
885, 0.691692, 0.106, 552583
886, 0.700215, 0.109, 553207
887, 0.696457, 0.106, 553831
888, 0.676318, 0.104, 554455
889, 0.670412, 0.108, 555078
890, 0.673312, 0.108, 555702
891, 0.668485, 0.103, 556326
892, 0.670516, 0.104, 556950
893, 0.662008, 0.099, 557574
894, 0.665627, 0.102, 558198
895, 0.668839, 0.106, 558821
896, 0.649006, 0.101, 559445
897, 0.6795, 0.101, 560069
898, 0.729665, 0.102, 560693
899, 0.71785, 0.1, 561317
900, 0.712408, 0.103, 561940
901, 0.7072, 0.103, 562564
902, 0.702454, 0.108, 563188
903, 0.693198, 0.105, 563812
904, 0.714278, 0.105, 564436
905, 0.721302, 0.107, 565059
906, 0.702383, 0.103, 565683
907, 0.707673, 0.104, 566307
908, 0.691169, 0.104, 566931
909, 0.691959, 0.1, 567555
910, 0.675537, 0.099, 568178
911, 0.690138, 0.101, 568802
912, 0.695845, 0.097, 569426
913, 0.686999, 0.091, 570050
914, 0.690418, 0.092, 570673
915, 0.68697, 0.094, 571297
916, 0.689902, 0.096, 571921
917, 0.66051, 0.093, 572545
918, 0.640324, 0.091, 573169
919, 0.673654, 0.093, 573793
920, 0.661316, 0.091, 574416
921, 0.647006, 0.095, 575040
922, 0.644819, 0.095, 575664
923, 0.641825, 0.093, 576288
924, 0.617457, 0.09, 576911
925, 0.605626, 0.088, 577536
926, 0.611031, 0.089, 578159
927, 0.614033, 0.081, 578783
928, 0.62809, 0.084, 579407
929, 0.631467, 0.084, 580031
930, 0.634907, 0.086, 580654
931, 0.603863, 0.081, 581278
932, 0.603198, 0.081, 581902
933, 0.597904, 0.08, 582526
934, 0.605918, 0.082, 583149
935, 0.599656, 0.083, 583773
936, 0.590885, 0.083, 584397
937, 0.585048, 0.077, 585021
938, 0.598296, 0.076, 585645
939, 0.607702, 0.079, 586269
940, 0.600375, 0.08, 586892
941, 0.595491, 0.081, 587516
942, 0.596535, 0.082, 588140
943, 0.605179, 0.084, 588764
944, 0.603671, 0.084, 589388
945, 0.600946, 0.081, 590011
946, 0.580533, 0.079, 590635
947, 0.581092, 0.08, 591270
948, 0.583337, 0.088, 591894
949, 0.587953, 0.091, 592517
950, 0.582376, 0.088, 593141
951, 0.606576, 0.094, 593765
952, 0.581728, 0.09, 594389
953, 0.595696, 0.089, 595013
954, 0.587803, 0.09, 595636
955, 0.60317, 0.094, 596260
956, 0.577072, 0.089, 596884
957, 0.573268, 0.082, 597508
958, 0.580549, 0.084, 598132
959, 0.579168, 0.084, 598755
960, 0.569073, 0.08, 599379
961, 0.568154, 0.08, 600003
962, 0.579328, 0.082, 600627
963, 0.58514, 0.085, 601250
964, 0.571419, 0.086, 601874
965, 0.791316, 0.115, 602498
966, 0.809992, 0.122, 603122
967, 0.736039, 0.112, 603745
968, 0.709772, 0.11, 604369
969, 0.766699, 0.116, 604993
970, 0.730549, 0.115, 605617
971, 0.717021, 0.111, 606241
972, 0.729814, 0.108, 606864
973, 0.684645, 0.111, 607488
974, 0.671466, 0.101, 608112
975, 0.664407, 0.101, 608736
976, 0.671155, 0.095, 609360
977, 0.663532, 0.093, 609983
978, 0.645123, 0.092, 610607
979, 0.644747, 0.093, 611231
980, 0.632898, 0.093, 611855
981, 0.63567, 0.093, 612479
982, 0.632968, 0.095, 613102
983, 0.699613, 0.106, 613726
984, 0.692194, 0.103, 614350
985, 0.689984, 0.107, 614974
986, 0.674186, 0.103, 615597
987, 0.669791, 0.1, 616221
988, 0.665185, 0.1, 616845
989, 0.67939, 0.1, 617469
990, 0.675082, 0.098, 618093
991, 0.659616, 0.097, 618716
992, 0.628815, 0.088, 619340
993, 0.623676, 0.089, 619964
994, 0.623263, 0.09, 620588
995, 0.621751, 0.089, 621211
996, 0.632156, 0.093, 621835
997, 0.630039, 0.091, 622459
998, 0.809922, 0.107, 623083
999, 0.746414, 0.099, 623707
1000, 0.80162, 0.113, 624330
