epoch, cross_entropy, error, time
1, 21.7047, 0.924, 306
2, 6.36995, 0.874, 620
3, 4.48757, 0.791, 933
4, 3.95799, 0.729, 1247
5, 3.57798, 0.701, 1560
6, 3.12623, 0.666, 1874
7, 2.81188, 0.604, 2187
8, 2.91315, 0.614, 2500
9, 3.0121, 0.592, 2814
10, 2.7241, 0.553, 3127
11, 2.66362, 0.544, 3441
12, 2.49304, 0.515, 3754
13, 2.52356, 0.56, 4067
14, 2.56281, 0.523, 4381
15, 2.30172, 0.488, 4695
16, 2.16072, 0.465, 5008
17, 2.10973, 0.431, 5322
18, 2.09397, 0.46, 5635
19, 2.12816, 0.452, 5949
20, 2.11116, 0.437, 6262
21, 2.0464, 0.424, 6575
22, 2.11843, 0.443, 6890
23, 2.11238, 0.444, 7203
24, 1.98956, 0.392, 7516
25, 2.01743, 0.41, 7830
26, 2.04283, 0.442, 8143
27, 2.04804, 0.434, 8456
28, 2.02399, 0.422, 8770
29, 1.95769, 0.407, 9083
30, 1.8874, 0.396, 9397
31, 2.0542, 0.432, 9710
32, 2.00066, 0.408, 10023
33, 2.02469, 0.409, 10337
34, 1.97555, 0.397, 10650
35, 1.94889, 0.398, 10964
36, 1.88657, 0.376, 11277
37, 1.97176, 0.396, 11591
38, 1.846, 0.364, 11904
39, 1.79992, 0.363, 12217
40, 1.83798, 0.391, 12531
41, 1.81359, 0.384, 12844
42, 1.79985, 0.399, 13158
43, 1.84036, 0.419, 13471
44, 1.76779, 0.396, 13785
45, 1.70792, 0.36, 14098
46, 1.67193, 0.349, 14412
47, 1.64969, 0.341, 14725
48, 1.65709, 0.353, 15039
49, 1.77739, 0.384, 15352
50, 1.70318, 0.365, 15665
51, 1.66247, 0.35, 15979
52, 1.61498, 0.336, 16292
53, 1.60517, 0.332, 16606
54, 1.55522, 0.311, 16919
55, 1.50258, 0.297, 17232
56, 1.49093, 0.28, 17546
57, 1.46866, 0.285, 17860
58, 1.45022, 0.274, 18173
59, 1.48889, 0.295, 18486
60, 1.61734, 0.327, 18800
61, 1.58185, 0.319, 19113
62, 1.62202, 0.335, 19427
63, 1.75653, 0.355, 19740
64, 1.76677, 0.358, 20054
65, 1.70795, 0.352, 20367
66, 1.7319, 0.35, 20680
67, 1.74079, 0.348, 20994
68, 1.70329, 0.333, 21307
69, 1.69397, 0.329, 21621
70, 1.67428, 0.326, 21934
71, 1.65406, 0.328, 22247
72, 1.64372, 0.325, 22561
73, 1.65645, 0.32, 22874
74, 1.62865, 0.321, 23187
75, 1.63156, 0.299, 23501
76, 1.57581, 0.292, 23814
77, 1.54528, 0.284, 24128
78, 1.53835, 0.286, 24441
79, 1.52, 0.282, 24754
80, 1.49553, 0.282, 25068
81, 1.48475, 0.281, 25381
82, 1.46244, 0.281, 25694
83, 1.46061, 0.279, 26008
84, 1.48509, 0.282, 26321
85, 1.46164, 0.277, 26634
86, 1.44953, 0.274, 26948
87, 1.42957, 0.271, 27261
88, 1.41979, 0.267, 27575
89, 1.44396, 0.274, 27888
90, 1.42103, 0.271, 28201
91, 1.42532, 0.285, 28515
92, 1.40694, 0.282, 28828
93, 1.39849, 0.277, 29141
94, 1.38132, 0.276, 29455
95, 1.36034, 0.261, 29769
96, 1.37323, 0.261, 30082
97, 1.41328, 0.274, 30395
98, 1.38319, 0.267, 30708
99, 1.45933, 0.293, 31022
100, 1.49876, 0.315, 31335
101, 1.48568, 0.313, 31649
102, 1.48845, 0.312, 31962
103, 1.46723, 0.299, 32275
104, 1.42089, 0.285, 32589
105, 1.3877, 0.281, 32902
106, 1.38212, 0.279, 33216
107, 1.37304, 0.275, 33529
108, 1.36187, 0.269, 33842
109, 1.34989, 0.259, 34156
110, 1.34332, 0.256, 34469
111, 1.3347, 0.247, 34783
112, 1.31961, 0.24, 35096
113, 1.29789, 0.235, 35409
114, 1.36947, 0.249, 35723
115, 1.40291, 0.26, 36036
116, 1.37907, 0.256, 36349
117, 1.35726, 0.25, 36663
118, 1.34074, 0.239, 36976
119, 1.3337, 0.239, 37290
120, 1.32227, 0.245, 37603
121, 1.31262, 0.247, 37917
122, 1.34091, 0.251, 38230
123, 1.33443, 0.244, 38543
124, 1.31921, 0.249, 38857
125, 1.31808, 0.242, 39170
126, 1.32124, 0.235, 39483
127, 1.30368, 0.231, 39797
128, 1.38403, 0.258, 40110
129, 1.38245, 0.258, 40424
130, 1.35991, 0.253, 40737
131, 1.33292, 0.249, 41050
132, 1.31551, 0.245, 41364
133, 1.33118, 0.246, 41677
134, 1.32332, 0.246, 41991
135, 1.32763, 0.243, 42304
136, 1.34223, 0.253, 42618
137, 1.32418, 0.246, 42931
138, 1.30992, 0.244, 43244
139, 1.3123, 0.244, 43558
140, 1.31292, 0.243, 43871
141, 1.31157, 0.234, 44185
142, 1.29819, 0.233, 44498
143, 1.29701, 0.231, 44811
144, 1.27998, 0.228, 45125
145, 1.27685, 0.224, 45438
146, 1.26234, 0.222, 45752
147, 1.27914, 0.225, 46065
148, 1.27724, 0.226, 46379
149, 1.29197, 0.233, 46692
150, 1.28895, 0.237, 47005
151, 1.27573, 0.23, 47319
152, 1.26991, 0.231, 47632
153, 1.27591, 0.232, 47946
154, 1.26201, 0.234, 48259
155, 1.24629, 0.231, 48572
156, 1.25245, 0.233, 48886
157, 1.27115, 0.228, 49199
158, 1.24915, 0.23, 49512
159, 1.24458, 0.228, 49826
160, 1.22319, 0.224, 50139
161, 1.20699, 0.224, 50453
162, 1.21781, 0.232, 50766
163, 1.21181, 0.227, 51080
164, 1.22154, 0.228, 51393
165, 1.21351, 0.218, 51707
166, 1.1915, 0.211, 52020
167, 1.20434, 0.222, 52333
168, 1.28235, 0.236, 52647
169, 1.25275, 0.228, 52960
170, 1.20691, 0.212, 53273
171, 1.20502, 0.212, 53587
172, 1.28266, 0.222, 53900
173, 1.25772, 0.225, 54214
174, 1.24239, 0.22, 54527
175, 1.22493, 0.223, 54840
176, 1.21523, 0.226, 55154
177, 1.20028, 0.224, 55467
178, 1.19978, 0.223, 55781
179, 1.18513, 0.213, 56094
180, 1.17804, 0.212, 56408
181, 1.22527, 0.219, 56721
182, 1.22329, 0.219, 57034
183, 1.16468, 0.217, 57348
184, 1.16794, 0.22, 57661
185, 1.15493, 0.211, 57974
186, 1.15042, 0.215, 58288
187, 1.25171, 0.224, 58601
188, 1.2848, 0.245, 58915
189, 1.30934, 0.249, 59228
190, 1.32029, 0.25, 59542
191, 1.29333, 0.246, 59855
192, 1.26656, 0.239, 60168
193, 1.24914, 0.239, 60482
194, 1.23435, 0.233, 60795
195, 1.25079, 0.236, 61109
196, 1.24756, 0.238, 61422
197, 1.23153, 0.238, 61735
198, 1.24217, 0.238, 62049
199, 1.2184, 0.233, 62362
200, 1.19676, 0.225, 62676
201, 1.18464, 0.221, 62989
202, 1.17764, 0.223, 63302
203, 1.18448, 0.228, 63616
204, 1.1909, 0.227, 63929
205, 1.18591, 0.226, 64243
206, 1.20665, 0.227, 64556
207, 1.20725, 0.233, 64869
208, 1.19702, 0.232, 65183
209, 1.1771, 0.229, 65496
210, 1.17622, 0.23, 65809
211, 1.17772, 0.232, 66123
212, 1.16178, 0.229, 66436
213, 1.15707, 0.229, 66750
214, 1.16398, 0.232, 67064
215, 1.16781, 0.232, 67377
216, 1.167, 0.236, 67690
217, 1.14216, 0.228, 68004
218, 1.13917, 0.224, 68317
219, 1.13014, 0.221, 68631
220, 1.12635, 0.214, 68944
221, 1.11574, 0.213, 69257
222, 1.10062, 0.21, 69571
223, 1.08734, 0.207, 69884
224, 1.08261, 0.201, 70197
225, 1.084, 0.208, 70511
226, 1.09922, 0.216, 70824
227, 1.09542, 0.214, 71137
228, 1.13185, 0.223, 71451
229, 1.17128, 0.229, 71764
230, 1.14631, 0.219, 72078
231, 1.24125, 0.238, 72391
232, 1.36995, 0.269, 72704
233, 1.30649, 0.254, 73018
234, 1.24302, 0.245, 73331
235, 1.25286, 0.258, 73644
236, 1.25408, 0.263, 73958
237, 1.24224, 0.259, 74271
238, 1.20833, 0.25, 74584
239, 1.16827, 0.242, 74898
240, 1.15943, 0.245, 75211
241, 1.15361, 0.244, 75525
242, 1.14026, 0.247, 75838
243, 1.12826, 0.241, 76151
244, 1.12195, 0.236, 76464
245, 1.10449, 0.217, 76778
246, 1.06937, 0.199, 77091
247, 1.06214, 0.199, 77404
248, 1.06027, 0.199, 77718
249, 1.04675, 0.191, 78031
250, 1.04002, 0.191, 78345
251, 1.05451, 0.189, 78658
252, 1.0509, 0.192, 78971
253, 1.06903, 0.199, 79285
254, 1.0634, 0.195, 79598
255, 1.05912, 0.194, 79912
256, 1.04244, 0.192, 80225
257, 1.04628, 0.192, 80538
258, 1.05803, 0.195, 80852
259, 1.05941, 0.193, 81165
260, 1.05907, 0.193, 81478
261, 1.05075, 0.195, 81792
262, 1.04611, 0.197, 82105
263, 1.033, 0.188, 82418
264, 1.02079, 0.188, 82732
265, 1.03656, 0.199, 83045
266, 1.00757, 0.192, 83358
267, 0.989382, 0.179, 83672
268, 0.986553, 0.187, 83985
269, 1.06287, 0.202, 84298
270, 1.06776, 0.205, 84612
271, 1.04914, 0.2, 84925
272, 1.03416, 0.198, 85238
273, 1.02648, 0.195, 85552
274, 1.00552, 0.183, 85865
275, 1.00565, 0.184, 86179
276, 1.00434, 0.187, 86492
277, 1.00138, 0.185, 86805
278, 0.995607, 0.181, 87119
279, 0.996074, 0.183, 87432
280, 0.995484, 0.182, 87745
281, 0.970952, 0.186, 88059
282, 0.961242, 0.185, 88372
283, 0.954436, 0.179, 88686
284, 0.962815, 0.181, 88999
285, 0.954715, 0.18, 89312
286, 0.950281, 0.179, 89625
287, 0.946262, 0.178, 89939
288, 0.941898, 0.178, 90252
289, 0.940519, 0.177, 90565
290, 0.92726, 0.173, 90879
291, 0.923067, 0.173, 91192
292, 0.923509, 0.175, 91506
293, 0.936741, 0.176, 91819
294, 0.934614, 0.172, 92133
295, 0.934519, 0.173, 92446
296, 0.94174, 0.171, 92759
297, 0.935037, 0.17, 93072
298, 0.93619, 0.17, 93386
299, 0.940677, 0.169, 93700
300, 0.939023, 0.175, 94013
301, 0.939653, 0.179, 94326
302, 1.01781, 0.195, 94640
303, 1.16507, 0.226, 94953
304, 1.12848, 0.226, 95266
305, 1.10647, 0.216, 95580
306, 1.08285, 0.193, 95893
307, 1.05263, 0.197, 96206
308, 1.04643, 0.192, 96520
309, 1.02391, 0.192, 96833
310, 1.00573, 0.188, 97147
311, 0.990735, 0.183, 97460
312, 0.995745, 0.184, 97773
313, 0.981888, 0.182, 98087
314, 0.992006, 0.188, 98400
315, 0.986356, 0.188, 98713
316, 0.994413, 0.193, 99027
317, 1.00091, 0.192, 99340
318, 1.00073, 0.191, 99654
319, 1.00162, 0.193, 99967
320, 0.99662, 0.196, 100280
321, 0.97436, 0.182, 100594
322, 0.959783, 0.178, 100907
323, 0.952465, 0.178, 101221
324, 0.948918, 0.18, 101534
325, 0.969502, 0.193, 101847
326, 0.961575, 0.188, 102161
327, 0.95712, 0.184, 102474
328, 0.941001, 0.182, 102787
329, 0.954247, 0.184, 103101
330, 0.985623, 0.196, 103414
331, 1.01359, 0.21, 103728
332, 1.01081, 0.208, 104041
333, 0.996483, 0.203, 104355
334, 0.978444, 0.2, 104668
335, 0.974325, 0.2, 104981
336, 0.963979, 0.196, 105295
337, 0.956953, 0.194, 105608
338, 0.954342, 0.189, 105921
339, 0.953117, 0.188, 106234
340, 0.94779, 0.187, 106548
341, 0.938402, 0.187, 106862
342, 0.93745, 0.187, 107175
343, 0.948561, 0.184, 107488
344, 0.950079, 0.181, 107801
345, 0.967164, 0.187, 108115
346, 0.952247, 0.167, 108428
347, 0.94569, 0.166, 108742
348, 0.946463, 0.173, 109055
349, 0.948505, 0.175, 109368
350, 0.925536, 0.175, 109682
351, 0.917163, 0.171, 109995
352, 0.915579, 0.173, 110308
353, 0.918279, 0.165, 110622
354, 0.910764, 0.158, 110935
355, 0.895035, 0.156, 111249
356, 0.8771, 0.153, 111562
357, 0.869134, 0.153, 111875
358, 0.862612, 0.153, 112189
359, 0.859907, 0.154, 112502
360, 0.8529, 0.152, 112816
361, 0.852979, 0.152, 113129
362, 0.852405, 0.154, 113442
363, 0.834664, 0.151, 113755
364, 0.891036, 0.164, 114069
365, 0.933204, 0.163, 114382
366, 0.932398, 0.165, 114695
367, 0.92598, 0.163, 115009
368, 0.921942, 0.162, 115322
369, 0.916501, 0.167, 115636
370, 0.907471, 0.157, 115949
371, 0.905611, 0.162, 116263
372, 0.9061, 0.16, 116576
373, 0.89667, 0.158, 116889
374, 0.888535, 0.152, 117203
375, 0.886104, 0.152, 117516
376, 0.884876, 0.153, 117829
377, 0.879106, 0.152, 118143
378, 0.883771, 0.156, 118456
379, 0.880426, 0.16, 118770
380, 0.88204, 0.156, 119083
381, 0.880679, 0.155, 119396
382, 0.981888, 0.163, 119710
383, 0.968736, 0.156, 120023
384, 0.959366, 0.156, 120336
385, 0.948775, 0.152, 120650
386, 0.945595, 0.155, 120963
387, 0.94103, 0.154, 121277
388, 0.932308, 0.157, 121590
389, 0.922845, 0.154, 121903
390, 0.946617, 0.16, 122217
391, 0.942683, 0.16, 122530
392, 0.947132, 0.16, 122844
393, 0.954853, 0.166, 123157
394, 0.95166, 0.164, 123470
395, 0.980191, 0.168, 123784
396, 0.998252, 0.167, 124097
397, 0.989571, 0.164, 124411
398, 0.979312, 0.164, 124724
399, 0.967107, 0.158, 125037
400, 0.965326, 0.155, 125351
401, 0.93705, 0.151, 125664
402, 0.926816, 0.148, 125978
403, 0.916414, 0.149, 126291
404, 0.910727, 0.147, 126604
405, 0.911963, 0.147, 126919
406, 0.913082, 0.147, 127232
407, 0.91128, 0.147, 127546
408, 0.911591, 0.148, 127859
409, 0.912331, 0.146, 128172
410, 0.90253, 0.145, 128486
411, 0.878251, 0.141, 128799
412, 0.865667, 0.141, 129112
413, 0.861853, 0.14, 129426
414, 0.860914, 0.141, 129740
415, 0.857921, 0.141, 130053
416, 0.850511, 0.136, 130366
417, 0.840446, 0.134, 130680
418, 0.833351, 0.132, 130993
419, 0.833694, 0.131, 131306
420, 0.836025, 0.132, 131620
421, 0.862401, 0.13, 131933
422, 0.853482, 0.129, 132247
423, 0.861168, 0.135, 132560
424, 0.859845, 0.135, 132873
425, 0.856762, 0.134, 133187
426, 0.846356, 0.133, 133500
427, 0.84954, 0.135, 133814
428, 0.911249, 0.151, 134127
429, 0.942379, 0.166, 134441
430, 0.928888, 0.17, 134754
431, 0.924559, 0.165, 135067
432, 0.91907, 0.163, 135381
433, 0.915507, 0.161, 135694
434, 0.904054, 0.158, 136007
435, 0.902302, 0.158, 136321
436, 0.923896, 0.167, 136634
437, 0.927041, 0.162, 136948
438, 0.922789, 0.161, 137261
439, 0.909769, 0.162, 137574
440, 0.908753, 0.161, 137888
441, 0.90164, 0.16, 138201
442, 0.886215, 0.156, 138515
443, 0.873621, 0.156, 138828
444, 0.866185, 0.156, 139141
445, 0.863764, 0.156, 139455
446, 0.862587, 0.161, 139768
447, 0.863653, 0.156, 140082
448, 0.852653, 0.155, 140395
449, 0.855925, 0.156, 140709
450, 0.84685, 0.154, 141022
451, 0.842976, 0.153, 141335
452, 0.832106, 0.15, 141649
453, 0.832567, 0.15, 141962
454, 0.837358, 0.151, 142276
455, 0.837897, 0.151, 142589
456, 0.832579, 0.147, 142903
457, 0.842792, 0.152, 143216
458, 0.837119, 0.15, 143529
459, 0.840259, 0.151, 143843
460, 0.852703, 0.153, 144156
461, 0.846126, 0.152, 144470
462, 0.843062, 0.153, 144783
463, 0.836103, 0.154, 145097
464, 0.826537, 0.154, 145410
465, 0.819722, 0.146, 145723
466, 0.824981, 0.146, 146037
467, 0.833398, 0.15, 146350
468, 0.833653, 0.151, 146664
469, 0.826802, 0.151, 146977
470, 0.824313, 0.149, 147291
471, 0.825526, 0.151, 147604
472, 0.815484, 0.147, 147918
473, 0.811169, 0.148, 148231
474, 0.810555, 0.149, 148544
475, 0.815606, 0.149, 148858
476, 0.814951, 0.147, 149171
477, 0.818308, 0.148, 149484
478, 0.82454, 0.149, 149798
479, 0.818812, 0.15, 150112
480, 0.815663, 0.148, 150425
481, 0.81903, 0.149, 150738
482, 0.804623, 0.146, 151052
483, 0.795838, 0.14, 151365
484, 0.801901, 0.141, 151679
485, 0.808712, 0.14, 151992
486, 0.802447, 0.141, 152306
487, 0.796808, 0.14, 152619
488, 0.798385, 0.14, 152932
489, 0.791605, 0.14, 153246
490, 0.79305, 0.138, 153559
491, 0.778114, 0.133, 153873
492, 0.796846, 0.14, 154186
493, 0.788012, 0.138, 154500
494, 0.82042, 0.139, 154813
495, 0.852948, 0.147, 155127
496, 0.844485, 0.146, 155440
497, 0.831301, 0.142, 155754
498, 0.826265, 0.142, 156067
499, 0.88292, 0.153, 156381
500, 0.858952, 0.148, 156694
501, 0.856618, 0.151, 157007
502, 0.875907, 0.152, 157321
503, 0.869833, 0.153, 157634
504, 0.876474, 0.157, 157947
505, 0.877973, 0.157, 158261
506, 0.87339, 0.158, 158574
507, 0.862431, 0.157, 158888
508, 0.881178, 0.156, 159201
509, 0.883223, 0.155, 159515
510, 0.883697, 0.158, 159828
511, 0.880702, 0.155, 160142
512, 0.884202, 0.158, 160455
513, 0.883218, 0.157, 160769
514, 0.875854, 0.152, 161082
515, 0.878161, 0.155, 161395
516, 0.873191, 0.154, 161709
517, 0.876221, 0.157, 162022
518, 0.889059, 0.159, 162336
519, 0.891893, 0.159, 162649
520, 0.891528, 0.157, 162962
521, 0.937401, 0.169, 163276
522, 0.947825, 0.175, 163589
523, 0.946669, 0.174, 163903
524, 0.934106, 0.171, 164216
525, 0.928114, 0.17, 164530
526, 0.914572, 0.164, 164843
527, 0.904527, 0.164, 165156
528, 0.895306, 0.163, 165470
529, 0.88874, 0.16, 165783
530, 0.886354, 0.161, 166096
531, 0.879864, 0.161, 166410
532, 0.875653, 0.163, 166723
533, 0.868939, 0.163, 167037
534, 0.869584, 0.162, 167350
535, 0.86558, 0.162, 167664
536, 0.861379, 0.161, 167977
537, 0.880028, 0.163, 168290
538, 0.878887, 0.162, 168604
539, 0.86831, 0.16, 168917
540, 0.849304, 0.158, 169230
541, 0.837916, 0.16, 169544
542, 0.881157, 0.173, 169857
543, 0.864088, 0.168, 170171
544, 0.959703, 0.177, 170484
545, 0.955182, 0.177, 170797
546, 0.950709, 0.173, 171111
547, 0.941712, 0.175, 171424
548, 0.918241, 0.164, 171738
549, 0.911984, 0.162, 172051
550, 0.904371, 0.162, 172364
551, 0.903557, 0.161, 172678
552, 0.900792, 0.162, 172991
553, 0.898744, 0.166, 173304
554, 0.896629, 0.17, 173618
555, 0.893434, 0.169, 173931
556, 0.896395, 0.169, 174245
557, 0.885785, 0.162, 174558
558, 0.878115, 0.163, 174871
559, 0.865313, 0.16, 175185
560, 0.859848, 0.157, 175498
561, 0.868406, 0.155, 175812
562, 0.851816, 0.152, 176125
563, 0.848634, 0.152, 176438
564, 0.843391, 0.152, 176752
565, 0.955523, 0.179, 177065
566, 0.99975, 0.191, 177378
567, 0.992495, 0.191, 177692
568, 0.993477, 0.189, 178005
569, 0.988427, 0.187, 178318
570, 0.989393, 0.188, 178632
571, 1.02503, 0.185, 178945
572, 0.989481, 0.165, 179259
573, 0.97427, 0.163, 179572
574, 0.964333, 0.163, 179886
575, 0.953023, 0.164, 180199
576, 0.938789, 0.163, 180512
577, 0.938904, 0.16, 180826
578, 0.938152, 0.159, 181139
579, 0.93267, 0.16, 181453
580, 0.93048, 0.159, 181766
581, 0.925165, 0.156, 182080
582, 0.918866, 0.157, 182393
583, 0.921851, 0.156, 182706
584, 0.880302, 0.149, 183020
585, 0.909177, 0.155, 183333
586, 0.923535, 0.158, 183646
587, 0.928836, 0.162, 183960
588, 0.923406, 0.162, 184273
589, 0.921539, 0.16, 184587
590, 0.91614, 0.159, 184900
591, 0.912033, 0.158, 185213
592, 0.906612, 0.158, 185527
593, 0.921399, 0.161, 185840
594, 0.927867, 0.162, 186154
595, 0.950594, 0.171, 186467
596, 0.943179, 0.168, 186780
597, 0.936234, 0.167, 187096
598, 0.93741, 0.167, 187409
599, 0.925354, 0.163, 187723
600, 0.939388, 0.16, 188036
601, 0.946944, 0.162, 188349
602, 0.93736, 0.161, 188663
603, 0.939342, 0.162, 188976
604, 0.935155, 0.161, 189290
605, 0.933576, 0.16, 189603
606, 0.932358, 0.16, 189917
607, 0.927494, 0.16, 190230
608, 0.923442, 0.163, 190543
609, 0.914745, 0.161, 190857
610, 0.914536, 0.164, 191170
611, 0.922281, 0.165, 191483
612, 0.917838, 0.16, 191797
613, 0.913206, 0.161, 192111
614, 0.903851, 0.154, 192424
615, 0.895205, 0.154, 192737
616, 0.896537, 0.158, 193051
617, 0.887921, 0.155, 193364
618, 0.879015, 0.151, 193677
619, 0.872256, 0.148, 193991
620, 0.873035, 0.147, 194304
621, 0.870557, 0.148, 194618
622, 0.866788, 0.146, 194931
623, 0.870322, 0.145, 195244
624, 0.859692, 0.145, 195558
625, 0.855209, 0.143, 195871
626, 0.854197, 0.143, 196184
627, 0.850061, 0.142, 196498
628, 0.955998, 0.17, 196811
629, 1.01978, 0.187, 197125
630, 0.978703, 0.181, 197438
631, 0.972273, 0.177, 197752
632, 0.954641, 0.17, 198065
633, 0.93858, 0.166, 198378
634, 0.933787, 0.165, 198692
635, 0.936637, 0.169, 199005
636, 0.936415, 0.165, 199319
637, 0.926561, 0.164, 199632
638, 0.931219, 0.164, 199945
639, 0.946535, 0.168, 200259
640, 0.959204, 0.163, 200572
641, 0.942623, 0.162, 200886
642, 0.938586, 0.16, 201199
643, 1.05091, 0.192, 201512
644, 1.0505, 0.199, 201826
645, 1.05756, 0.201, 202139
646, 1.05366, 0.197, 202452
647, 1.04424, 0.199, 202766
648, 1.03571, 0.197, 203079
649, 1.0301, 0.195, 203393
650, 1.0201, 0.193, 203706
651, 1.01011, 0.193, 204020
652, 1.01244, 0.19, 204333
653, 1.00816, 0.189, 204646
654, 0.999472, 0.187, 204960
655, 0.993361, 0.189, 205273
656, 0.998405, 0.187, 205587
657, 0.995892, 0.185, 205900
658, 0.987336, 0.185, 206213
659, 0.981065, 0.185, 206527
660, 0.97619, 0.185, 206840
661, 0.986109, 0.184, 207153
662, 0.991536, 0.186, 207467
663, 0.987093, 0.183, 207780
664, 0.98725, 0.183, 208094
665, 0.98321, 0.181, 208407
666, 0.988274, 0.185, 208720
667, 1.00373, 0.193, 209034
668, 1.00443, 0.19, 209347
669, 1.01314, 0.196, 209660
670, 1.01019, 0.196, 209974
671, 1.00582, 0.195, 210287
672, 1.0024, 0.194, 210601
673, 1.00031, 0.194, 210914
674, 0.995878, 0.19, 211227
675, 1.01269, 0.189, 211541
676, 1.0132, 0.185, 211854
677, 1.01107, 0.182, 212168
678, 1.00656, 0.18, 212481
679, 1.00409, 0.18, 212794
680, 1.00241, 0.18, 213108
681, 0.992797, 0.176, 213421
682, 0.974119, 0.167, 213735
683, 0.97199, 0.168, 214048
684, 0.972856, 0.166, 214361
685, 0.966394, 0.167, 214675
686, 0.960918, 0.162, 214988
687, 0.956636, 0.164, 215301
688, 0.955102, 0.162, 215615
689, 0.946042, 0.158, 215928
690, 0.947451, 0.163, 216242
691, 0.949763, 0.162, 216555
692, 0.947949, 0.163, 216868
693, 0.948855, 0.161, 217182
694, 0.947299, 0.164, 217495
695, 0.93929, 0.165, 217808
696, 0.937706, 0.164, 218122
697, 0.933988, 0.167, 218435
698, 0.932476, 0.166, 218749
699, 0.928848, 0.165, 219062
700, 0.935045, 0.165, 219375
701, 0.93278, 0.163, 219689
702, 0.931886, 0.164, 220002
703, 0.924723, 0.162, 220316
704, 0.927163, 0.164, 220629
705, 0.921116, 0.159, 220943
706, 0.920429, 0.158, 221256
707, 0.916287, 0.16, 221569
708, 0.916699, 0.161, 221883
709, 0.91756, 0.16, 222196
710, 0.922235, 0.163, 222510
711, 0.916, 0.163, 222823
712, 0.908925, 0.161, 223136
713, 0.915757, 0.162, 223450
714, 0.9121, 0.164, 223763
715, 0.930079, 0.17, 224076
716, 0.937807, 0.174, 224390
717, 0.937781, 0.175, 224703
718, 0.933575, 0.171, 225017
719, 0.928485, 0.172, 225330
720, 0.926256, 0.171, 225643
721, 0.936649, 0.171, 225957
722, 0.942951, 0.171, 226270
723, 0.932075, 0.17, 226584
724, 0.935597, 0.169, 226897
725, 0.927648, 0.166, 227211
726, 0.920102, 0.166, 227524
727, 0.918909, 0.166, 227837
728, 0.915689, 0.165, 228151
729, 0.916084, 0.166, 228464
730, 0.912156, 0.167, 228777
731, 0.91057, 0.168, 229091
732, 0.910623, 0.167, 229404
733, 0.905712, 0.166, 229718
734, 0.90453, 0.164, 230031
735, 0.917932, 0.169, 230344
736, 0.910452, 0.165, 230658
737, 0.907494, 0.166, 230971
738, 0.904775, 0.165, 231284
739, 0.90698, 0.166, 231598
740, 0.905934, 0.167, 231912
741, 0.906708, 0.166, 232225
742, 0.916029, 0.166, 232538
743, 0.925474, 0.169, 232852
744, 0.921667, 0.17, 233165
745, 0.922447, 0.169, 233478
746, 0.927262, 0.172, 233792
747, 0.923573, 0.169, 234105
748, 0.919412, 0.168, 234419
749, 0.916569, 0.167, 234732
750, 0.913251, 0.173, 235046
751, 0.906719, 0.171, 235359
752, 0.914677, 0.174, 235673
753, 0.912638, 0.173, 235986
754, 0.912248, 0.17, 236299
755, 0.910977, 0.171, 236613
756, 0.908005, 0.171, 236926
757, 0.911231, 0.17, 237239
758, 0.909395, 0.171, 237553
759, 0.905244, 0.169, 237866
760, 0.907678, 0.17, 238180
761, 0.900177, 0.168, 238493
762, 0.897285, 0.167, 238806
763, 0.893802, 0.167, 239120
764, 0.890537, 0.163, 239433
765, 0.891157, 0.164, 239747
766, 0.888166, 0.165, 240060
767, 0.888754, 0.165, 240373
768, 0.890745, 0.166, 240687
769, 0.88739, 0.164, 241000
770, 0.891722, 0.166, 241314
771, 0.89254, 0.164, 241627
772, 0.893662, 0.165, 241940
773, 0.898187, 0.165, 242254
774, 0.891085, 0.162, 242567
775, 0.888477, 0.167, 242881
776, 0.873549, 0.155, 243194
777, 0.855205, 0.152, 243508
778, 0.853104, 0.15, 243821
779, 0.854822, 0.153, 244134
780, 0.851652, 0.15, 244448
781, 0.835667, 0.143, 244761
782, 0.832979, 0.143, 245075
783, 0.828574, 0.144, 245388
784, 0.828954, 0.145, 245701
785, 0.837931, 0.149, 246015
786, 0.837587, 0.15, 246328
787, 0.839535, 0.148, 246642
788, 0.868024, 0.148, 246956
789, 0.860816, 0.145, 247269
790, 0.855582, 0.145, 247583
791, 0.851968, 0.144, 247896
792, 0.845443, 0.145, 248210
793, 0.842887, 0.144, 248523
794, 0.847725, 0.143, 248837
795, 0.860755, 0.15, 249150
796, 0.85643, 0.151, 249463
797, 0.857486, 0.153, 249776
798, 0.854146, 0.15, 250090
799, 0.869829, 0.154, 250403
800, 0.865451, 0.157, 250717
801, 0.866911, 0.158, 251030
802, 0.861384, 0.157, 251343
803, 0.912516, 0.171, 251657
804, 0.89996, 0.168, 251970
805, 0.884929, 0.168, 252284
806, 0.875857, 0.168, 252597
807, 0.872448, 0.165, 252910
808, 0.868467, 0.165, 253224
809, 0.861822, 0.163, 253537
810, 0.859652, 0.163, 253850
811, 0.854992, 0.162, 254164
812, 0.878356, 0.167, 254477
813, 0.896037, 0.17, 254791
814, 0.886008, 0.169, 255104
815, 0.883176, 0.169, 255417
816, 0.886831, 0.171, 255731
817, 0.884259, 0.171, 256044
818, 0.883205, 0.171, 256357
819, 0.879918, 0.169, 256671
820, 0.869341, 0.165, 256984
821, 0.863086, 0.163, 257298
822, 0.854961, 0.163, 257611
823, 0.854106, 0.164, 257924
824, 0.852076, 0.163, 258238
825, 0.850226, 0.162, 258551
826, 0.852553, 0.16, 258864
827, 0.846924, 0.162, 259178
828, 0.889341, 0.169, 259491
829, 0.912168, 0.173, 259805
830, 0.906366, 0.172, 260118
831, 0.900945, 0.171, 260431
832, 0.897189, 0.171, 260745
833, 0.901442, 0.164, 261058
834, 0.897257, 0.171, 261371
835, 0.895207, 0.169, 261685
836, 0.897765, 0.172, 261998
837, 0.898175, 0.172, 262312
838, 0.890043, 0.168, 262625
839, 0.856664, 0.151, 262938
840, 0.839501, 0.145, 263252
841, 0.836102, 0.145, 263565
842, 0.834399, 0.146, 263879
843, 0.832483, 0.143, 264192
844, 0.830884, 0.141, 264505
845, 0.829618, 0.143, 264819
846, 0.829577, 0.143, 265132
847, 0.828892, 0.144, 265445
848, 0.827271, 0.143, 265759
849, 0.828259, 0.143, 266072
850, 0.82786, 0.142, 266385
851, 0.828104, 0.142, 266699
852, 0.826627, 0.142, 267012
853, 0.822538, 0.141, 267325
854, 0.818681, 0.143, 267639
855, 0.82073, 0.142, 267952
856, 0.816199, 0.141, 268266
857, 0.816064, 0.143, 268579
858, 0.814308, 0.139, 268892
859, 0.813125, 0.139, 269206
860, 0.810415, 0.139, 269519
861, 0.824037, 0.138, 269832
862, 0.833827, 0.142, 270146
863, 0.833152, 0.145, 270459
864, 0.827383, 0.147, 270773
865, 0.832578, 0.147, 271086
866, 0.82966, 0.149, 271399
867, 0.827623, 0.146, 271713
868, 0.825993, 0.146, 272026
869, 0.807669, 0.138, 272339
870, 0.827997, 0.142, 272653
871, 0.826519, 0.141, 272966
872, 0.82428, 0.139, 273280
873, 0.822567, 0.14, 273593
874, 0.819293, 0.14, 273906
875, 0.815985, 0.14, 274220
876, 0.815828, 0.14, 274533
877, 0.813225, 0.139, 274847
878, 0.815917, 0.14, 275160
879, 0.820975, 0.144, 275473
880, 0.819123, 0.144, 275787
881, 0.818488, 0.143, 276100
882, 0.823172, 0.144, 276413
883, 0.818228, 0.144, 276727
884, 0.815364, 0.141, 277040
885, 0.813357, 0.143, 277353
886, 0.815403, 0.144, 277667
887, 0.852177, 0.15, 277980
888, 0.845762, 0.147, 278294
889, 0.836774, 0.146, 278607
890, 0.82494, 0.144, 278920
891, 0.819483, 0.149, 279234
892, 0.819496, 0.149, 279547
893, 0.813609, 0.149, 279860
894, 0.807001, 0.149, 280174
895, 0.803193, 0.15, 280487
896, 0.80359, 0.149, 280801
897, 0.798968, 0.148, 281114
898, 0.800932, 0.149, 281427
899, 0.819709, 0.152, 281741
900, 0.826466, 0.154, 282054
901, 0.821058, 0.154, 282368
902, 0.833915, 0.156, 282681
903, 0.840108, 0.155, 282994
904, 0.837091, 0.154, 283308
905, 0.837212, 0.154, 283621
906, 0.837216, 0.15, 283935
907, 0.837265, 0.148, 284248
908, 0.830036, 0.148, 284561
909, 0.817314, 0.149, 284875
910, 0.804271, 0.139, 285188
911, 0.79884, 0.137, 285501
912, 0.79346, 0.138, 285815
913, 0.807844, 0.144, 286128
914, 0.799296, 0.138, 286442
915, 0.794008, 0.135, 286755
916, 0.789689, 0.132, 287068
917, 0.782211, 0.13, 287382
918, 0.787156, 0.13, 287695
919, 0.794046, 0.131, 288009
920, 0.812502, 0.139, 288322
921, 0.812616, 0.131, 288635
922, 0.810203, 0.132, 288949
923, 0.803696, 0.133, 289262
924, 0.799225, 0.136, 289575
925, 0.791965, 0.134, 289889
926, 0.785711, 0.132, 290202
927, 0.78093, 0.131, 290516
928, 0.775235, 0.13, 290829
929, 0.773383, 0.13, 291142
930, 0.772791, 0.133, 291456
931, 0.773595, 0.132, 291769
932, 0.769108, 0.132, 292083
933, 0.7563, 0.13, 292396
934, 0.751434, 0.13, 292709
935, 0.750214, 0.131, 293023
936, 0.749491, 0.131, 293336
937, 0.746996, 0.129, 293649
938, 0.744458, 0.13, 293963
939, 0.739261, 0.128, 294276
940, 0.73571, 0.128, 294590
941, 0.733915, 0.128, 294903
942, 0.735818, 0.129, 295216
943, 0.733099, 0.137, 295530
944, 0.729811, 0.136, 295843
945, 0.729013, 0.136, 296157
946, 0.730066, 0.137, 296470
947, 0.729653, 0.135, 296786
948, 0.715361, 0.132, 297107
949, 0.707304, 0.133, 297430
950, 0.688613, 0.127, 297744
951, 0.698975, 0.13, 298057
952, 0.691794, 0.128, 298370
953, 0.697125, 0.131, 298684
954, 0.684397, 0.125, 298997
955, 0.70501, 0.133, 299311
956, 0.715121, 0.135, 299624
957, 0.710368, 0.135, 299938
958, 0.711729, 0.134, 300251
959, 0.711479, 0.134, 300564
960, 0.708803, 0.133, 300878
961, 0.710278, 0.134, 301191
962, 0.70875, 0.135, 301504
963, 0.702617, 0.135, 301818
964, 0.687417, 0.131, 302131
965, 0.683459, 0.13, 302445
966, 0.6826, 0.131, 302758
967, 0.678018, 0.13, 303072
968, 0.674833, 0.129, 303385
969, 0.673507, 0.129, 303699
970, 0.675429, 0.128, 304012
971, 0.673307, 0.127, 304325
972, 0.672671, 0.125, 304639
973, 0.674274, 0.127, 304952
974, 0.672233, 0.125, 305266
975, 0.680963, 0.127, 305579
976, 0.674377, 0.13, 305892
977, 0.669877, 0.131, 306206
978, 0.658399, 0.128, 306519
979, 0.659246, 0.127, 306833
980, 0.654994, 0.123, 307147
981, 0.657091, 0.124, 307461
982, 0.656513, 0.124, 307774
983, 0.656203, 0.123, 308088
984, 0.656606, 0.122, 308401
985, 0.655779, 0.122, 308714
986, 0.659385, 0.122, 309028
987, 0.659613, 0.122, 309341
988, 0.670246, 0.124, 309655
989, 0.676772, 0.125, 309968
990, 0.673621, 0.127, 310281
991, 0.666924, 0.126, 310595
992, 0.670683, 0.127, 310908
993, 0.6696, 0.127, 311222
994, 0.668542, 0.127, 311535
995, 0.669065, 0.127, 311848
996, 0.675359, 0.132, 312162
997, 0.677444, 0.131, 312475
998, 0.67382, 0.129, 312789
999, 0.6822, 0.133, 313102
1000, 0.678561, 0.132, 313415
