epoch, cross_entropy, error, time
1, 22.0401, 0.868, 306
2, 7.15412, 0.646, 928
3, 5.00687, 0.438, 1551
4, 4.76096, 0.409, 2173
5, 4.81036, 0.409, 2795
6, 5.10088, 0.434, 3418
7, 4.89652, 0.405, 4040
8, 4.98378, 0.407, 4662
9, 5.44918, 0.454, 5284
10, 4.88197, 0.402, 5907
11, 4.55844, 0.369, 6529
12, 4.51395, 0.349, 7151
13, 4.79682, 0.388, 7774
14, 4.6728, 0.368, 8396
15, 4.98362, 0.397, 9018
16, 4.97076, 0.402, 9641
17, 5.37348, 0.431, 10263
18, 5.14647, 0.409, 10896
19, 5.2551, 0.422, 11519
20, 4.99124, 0.398, 12141
21, 4.86092, 0.379, 12763
22, 4.98629, 0.396, 13386
23, 4.63041, 0.373, 14008
24, 4.50331, 0.364, 14630
25, 4.45821, 0.352, 15253
26, 4.32928, 0.345, 15875
27, 4.24367, 0.319, 16497
28, 4.1778, 0.332, 17119
29, 3.95946, 0.31, 17741
30, 3.90229, 0.303, 18364
31, 4.1569, 0.315, 18986
32, 4.26056, 0.329, 19608
33, 4.20222, 0.317, 20230
34, 4.5809, 0.345, 20853
35, 4.33805, 0.329, 21475
36, 4.37535, 0.327, 22097
37, 4.50906, 0.348, 22719
38, 4.56241, 0.343, 23342
39, 4.46497, 0.345, 23964
40, 4.49994, 0.344, 24586
41, 4.53856, 0.347, 25209
42, 4.60422, 0.34, 25831
43, 4.69746, 0.344, 26453
44, 4.73163, 0.347, 27075
45, 4.79545, 0.348, 27698
46, 4.81445, 0.354, 28320
47, 4.87706, 0.363, 28942
48, 5.10306, 0.376, 29564
49, 5.09721, 0.38, 30187
50, 5.14091, 0.382, 30809
51, 5.3124, 0.4, 31431
52, 5.26278, 0.392, 32053
53, 5.37698, 0.407, 32676
54, 5.29072, 0.393, 33298
55, 5.02926, 0.373, 33920
56, 4.86592, 0.365, 34543
57, 4.98107, 0.354, 35165
58, 5.04074, 0.377, 35787
59, 4.80755, 0.361, 36409
60, 4.94225, 0.365, 37032
61, 5.03509, 0.374, 37654
62, 5.09313, 0.382, 38276
63, 5.01336, 0.362, 38899
64, 5.07867, 0.37, 39521
65, 5.05119, 0.367, 40143
66, 4.94573, 0.362, 40765
67, 5.11012, 0.357, 41387
68, 4.99637, 0.371, 42010
69, 4.93386, 0.363, 42632
70, 4.93454, 0.359, 43254
71, 5.1106, 0.381, 43876
72, 5.03696, 0.389, 44498
73, 5.29408, 0.401, 45121
74, 5.33872, 0.402, 45743
75, 5.31978, 0.384, 46365
76, 5.22779, 0.389, 46988
77, 5.30624, 0.397, 47610
78, 5.09475, 0.39, 48232
79, 5.05551, 0.376, 48854
80, 5.04294, 0.375, 49476
81, 5.14913, 0.377, 50099
82, 5.04748, 0.385, 50721
83, 5.06306, 0.375, 51343
84, 5.18056, 0.385, 51966
85, 5.31338, 0.391, 52588
86, 5.23812, 0.385, 53210
87, 5.20079, 0.368, 53832
88, 5.12737, 0.371, 54454
89, 5.20213, 0.375, 55077
90, 5.32092, 0.379, 55699
91, 5.09869, 0.37, 56321
92, 5.12194, 0.365, 56943
93, 5.08862, 0.377, 57566
94, 5.00377, 0.367, 58188
95, 5.09039, 0.356, 58810
96, 4.97256, 0.355, 59432
97, 4.86949, 0.348, 60055
98, 4.81054, 0.344, 60677
99, 4.93712, 0.352, 61299
100, 4.89669, 0.362, 61921
101, 5.03548, 0.36, 62544
102, 5.05988, 0.369, 63166
103, 5.19953, 0.376, 63788
104, 5.16466, 0.377, 64410
105, 5.23216, 0.378, 65033
106, 5.33122, 0.39, 65655
107, 5.31361, 0.386, 66277
108, 5.33945, 0.384, 66899
109, 5.47329, 0.393, 67522
110, 5.39406, 0.387, 68144
111, 5.34815, 0.403, 68766
112, 5.48603, 0.409, 69388
113, 5.27694, 0.394, 70011
114, 5.32026, 0.395, 70643
115, 5.23079, 0.389, 71265
116, 5.24491, 0.391, 71888
117, 5.24268, 0.384, 72510
118, 5.28787, 0.378, 73132
119, 5.22128, 0.379, 73754
120, 5.16924, 0.374, 74376
121, 5.16091, 0.368, 74998
122, 5.15846, 0.374, 75621
123, 5.00089, 0.366, 76243
124, 5.11359, 0.361, 76865
125, 4.84495, 0.368, 77487
126, 4.94681, 0.38, 78110
127, 4.94545, 0.359, 78732
128, 5.07337, 0.358, 79354
129, 5.10172, 0.351, 79976
130, 5.11675, 0.363, 80599
131, 5.10962, 0.371, 81221
132, 5.15963, 0.387, 81843
133, 5.15418, 0.386, 82465
134, 5.18183, 0.393, 83088
135, 5.12948, 0.381, 83710
136, 5.25832, 0.395, 84332
137, 5.08314, 0.373, 84954
138, 5.16834, 0.373, 85577
139, 5.11204, 0.375, 86199
140, 4.99202, 0.382, 86822
141, 5.03423, 0.372, 87444
142, 4.9991, 0.363, 88066
143, 5.10801, 0.377, 88688
144, 5.10617, 0.384, 89311
145, 5.14886, 0.387, 89933
146, 5.2775, 0.385, 90555
147, 5.10483, 0.371, 91177
148, 5.15232, 0.386, 91799
149, 5.24391, 0.386, 92422
150, 5.04614, 0.373, 93044
151, 5.15878, 0.385, 93666
152, 5.18129, 0.391, 94288
153, 5.18664, 0.385, 94911
154, 5.25533, 0.383, 95533
155, 5.29592, 0.383, 96155
156, 5.34941, 0.383, 96778
157, 5.22874, 0.375, 97400
158, 5.34771, 0.387, 98022
159, 5.17412, 0.379, 98645
160, 5.25126, 0.388, 99267
161, 5.34433, 0.389, 99889
162, 5.27647, 0.386, 100511
163, 5.32569, 0.401, 101134
164, 5.12639, 0.392, 101756
165, 5.22345, 0.373, 102378
166, 5.3064, 0.385, 103000
167, 5.28645, 0.397, 103623
168, 5.34397, 0.385, 104245
169, 5.33788, 0.386, 104867
170, 5.35809, 0.381, 105490
171, 5.32532, 0.381, 106112
172, 5.34422, 0.392, 106734
173, 5.22035, 0.387, 107357
174, 5.25038, 0.404, 107979
175, 5.24207, 0.384, 108601
176, 5.19862, 0.383, 109224
177, 5.24858, 0.385, 109846
178, 5.26558, 0.387, 110468
179, 5.35007, 0.388, 111091
180, 5.44119, 0.396, 111713
181, 5.32232, 0.391, 112335
182, 5.40363, 0.394, 112957
183, 5.40904, 0.402, 113580
184, 5.54736, 0.405, 114202
185, 5.62744, 0.413, 114824
186, 5.53218, 0.398, 115447
187, 5.47999, 0.395, 116069
188, 5.68184, 0.4, 116691
189, 5.67085, 0.399, 117314
190, 5.58464, 0.4, 117936
191, 5.86503, 0.424, 118558
192, 5.79312, 0.41, 119181
193, 5.65426, 0.409, 119803
194, 5.81295, 0.417, 120425
195, 5.7965, 0.412, 121047
196, 5.80729, 0.421, 121670
197, 5.86081, 0.423, 122292
198, 5.76295, 0.425, 122914
199, 6.04395, 0.422, 123537
200, 6.05511, 0.441, 124159
201, 6.08433, 0.439, 124781
202, 5.99372, 0.433, 125404
203, 6.11216, 0.438, 126026
204, 6.15575, 0.449, 126648
205, 6.09748, 0.447, 127270
206, 6.0712, 0.427, 127893
207, 6.04012, 0.432, 128515
208, 6.1405, 0.438, 129137
209, 6.13422, 0.442, 129759
210, 6.078, 0.443, 130383
211, 6.16078, 0.445, 131005
212, 6.08313, 0.439, 131627
213, 6.14938, 0.454, 132250
214, 6.09676, 0.449, 132872
215, 6.10848, 0.447, 133494
216, 6.17767, 0.447, 134117
217, 6.1702, 0.436, 134739
218, 6.13726, 0.446, 135361
219, 6.18814, 0.461, 135984
220, 6.23068, 0.457, 136606
221, 6.20629, 0.45, 137228
222, 6.23751, 0.444, 137850
223, 6.18272, 0.456, 138473
224, 6.37725, 0.45, 139095
225, 6.29847, 0.448, 139717
226, 6.30777, 0.453, 140339
227, 6.45922, 0.457, 140961
228, 6.44224, 0.461, 141584
229, 6.24693, 0.461, 142206
230, 6.26598, 0.455, 142828
231, 6.31845, 0.45, 143451
232, 6.27579, 0.445, 144073
233, 6.32664, 0.454, 144695
234, 6.14971, 0.447, 145317
235, 6.26116, 0.458, 145940
236, 6.28455, 0.449, 146562
237, 6.32427, 0.455, 147184
238, 6.23013, 0.454, 147806
239, 6.25141, 0.447, 148429
240, 6.20199, 0.441, 149051
241, 6.31555, 0.446, 149673
242, 6.28766, 0.455, 150296
243, 6.26438, 0.452, 150918
244, 6.27634, 0.454, 151540
245, 6.20684, 0.447, 152162
246, 6.30855, 0.454, 152785
247, 6.34724, 0.458, 153407
248, 6.445, 0.452, 154029
249, 6.4064, 0.455, 154651
250, 6.48399, 0.463, 155274
251, 6.4028, 0.449, 155896
252, 6.344, 0.461, 156518
253, 6.22354, 0.448, 157141
254, 6.43015, 0.448, 157763
255, 6.29595, 0.446, 158385
256, 6.34589, 0.449, 159007
257, 6.33509, 0.45, 159630
258, 6.27986, 0.459, 160252
259, 6.54852, 0.461, 160874
260, 6.47053, 0.458, 161496
261, 6.32486, 0.459, 162119
262, 6.34533, 0.455, 162741
263, 6.21977, 0.446, 163363
264, 6.34646, 0.46, 163985
265, 6.14425, 0.444, 164608
266, 6.08786, 0.443, 165230
267, 6.2563, 0.45, 165852
268, 6.22812, 0.448, 166474
269, 6.32976, 0.452, 167097
270, 6.24339, 0.449, 167719
271, 6.31719, 0.448, 168341
272, 6.40361, 0.462, 168963
273, 6.51548, 0.459, 169586
274, 6.37766, 0.465, 170208
275, 6.39292, 0.455, 170830
276, 6.50481, 0.466, 171453
277, 6.50423, 0.474, 172075
278, 6.41661, 0.472, 172697
279, 6.50416, 0.476, 173320
280, 6.56324, 0.47, 173942
281, 6.53221, 0.471, 174564
282, 6.51321, 0.475, 175187
283, 6.52556, 0.477, 175809
284, 6.31326, 0.489, 176431
285, 6.4899, 0.481, 177054
286, 6.40546, 0.462, 177676
287, 6.40314, 0.473, 178298
288, 6.36219, 0.453, 178920
289, 6.2105, 0.451, 179543
290, 6.38397, 0.462, 180165
291, 6.42207, 0.466, 180787
292, 6.33535, 0.462, 181410
293, 6.29256, 0.459, 182032
294, 6.2757, 0.456, 182654
295, 6.33832, 0.461, 183276
296, 6.34107, 0.458, 183899
297, 6.07356, 0.435, 184521
298, 6.27139, 0.457, 185143
299, 6.25482, 0.445, 185765
300, 6.15227, 0.444, 186388
301, 6.17008, 0.455, 187010
302, 6.2577, 0.453, 187632
303, 6.11367, 0.435, 188254
304, 6.19719, 0.45, 188877
305, 6.21256, 0.454, 189499
306, 6.13769, 0.45, 190121
307, 6.15786, 0.439, 190744
308, 6.27689, 0.451, 191367
309, 6.15116, 0.445, 191989
310, 6.22449, 0.446, 192611
311, 6.25241, 0.451, 193234
312, 6.28427, 0.459, 193856
313, 6.25327, 0.437, 194478
314, 6.36097, 0.452, 195101
315, 5.99586, 0.442, 195723
316, 6.21298, 0.445, 196345
317, 6.23772, 0.446, 196967
318, 6.2444, 0.443, 197590
319, 6.42966, 0.463, 198212
320, 6.37428, 0.462, 198834
321, 6.35767, 0.462, 199457
322, 6.27794, 0.463, 200079
323, 6.36397, 0.453, 200701
324, 6.35452, 0.454, 201323
325, 6.3384, 0.444, 201946
326, 6.1305, 0.436, 202568
327, 6.26278, 0.444, 203190
328, 6.21032, 0.446, 203812
329, 6.29604, 0.454, 204435
330, 6.2594, 0.452, 205057
331, 6.22508, 0.442, 205679
332, 6.29987, 0.447, 206302
333, 6.33604, 0.449, 206924
334, 6.33828, 0.448, 207546
335, 6.32077, 0.445, 208168
336, 6.12416, 0.436, 208790
337, 6.16437, 0.428, 209413
338, 6.18593, 0.436, 210035
339, 6.21316, 0.438, 210657
340, 6.08649, 0.428, 211279
341, 6.25173, 0.436, 211902
342, 6.05452, 0.427, 212524
343, 6.17728, 0.436, 213146
344, 6.19057, 0.429, 213768
345, 6.1788, 0.428, 214391
346, 6.24534, 0.437, 215013
347, 6.22773, 0.429, 215635
348, 6.29717, 0.44, 216257
349, 6.31879, 0.442, 216879
350, 6.27147, 0.441, 217502
351, 6.24623, 0.439, 218124
352, 6.12416, 0.438, 218746
353, 6.30785, 0.434, 219369
354, 6.19865, 0.429, 219991
355, 6.23842, 0.43, 220613
356, 6.23941, 0.436, 221235
357, 6.28115, 0.439, 221857
358, 6.23012, 0.445, 222480
359, 6.26741, 0.432, 223102
360, 6.17401, 0.427, 223724
361, 6.30279, 0.432, 224346
362, 6.21201, 0.43, 224969
363, 6.22993, 0.429, 225591
364, 6.15115, 0.437, 226213
365, 6.22421, 0.436, 226835
366, 6.27981, 0.434, 227458
367, 6.29186, 0.425, 228080
368, 6.10406, 0.426, 228702
369, 6.19352, 0.417, 229324
370, 6.12093, 0.427, 229947
371, 6.09568, 0.439, 230569
372, 6.10901, 0.429, 231191
373, 6.02034, 0.428, 231813
374, 5.86368, 0.406, 232436
375, 5.8469, 0.421, 233058
376, 5.86454, 0.414, 233680
377, 5.92528, 0.41, 234302
378, 5.85842, 0.405, 234925
379, 5.76765, 0.395, 235547
380, 5.70012, 0.416, 236169
381, 5.60978, 0.392, 236791
382, 5.81827, 0.4, 237413
383, 5.5968, 0.376, 238036
384, 5.73296, 0.41, 238658
385, 5.74886, 0.398, 239280
386, 5.72615, 0.392, 239902
387, 5.78001, 0.404, 240525
388, 5.77845, 0.398, 241147
389, 5.62106, 0.386, 241769
390, 5.6355, 0.385, 242392
391, 5.58313, 0.383, 243014
392, 5.6083, 0.391, 243636
393, 5.61097, 0.384, 244258
394, 5.71013, 0.399, 244880
395, 5.66146, 0.382, 245503
396, 5.60139, 0.391, 246125
397, 5.65288, 0.392, 246747
398, 5.65107, 0.391, 247369
399, 5.58023, 0.395, 247992
400, 5.63216, 0.391, 248614
401, 5.61771, 0.389, 249236
402, 5.7407, 0.399, 249858
403, 5.63134, 0.391, 250487
404, 5.75733, 0.388, 251112
405, 5.70239, 0.391, 251735
406, 5.72297, 0.389, 252357
407, 5.76092, 0.396, 252979
408, 5.74198, 0.382, 253602
409, 5.72007, 0.377, 254224
410, 5.71193, 0.394, 254846
411, 5.73969, 0.389, 255468
412, 5.72674, 0.394, 256091
413, 5.79086, 0.397, 256713
414, 5.84706, 0.402, 257335
415, 5.7338, 0.393, 257957
416, 5.8654, 0.393, 258580
417, 5.89609, 0.399, 259202
418, 5.84479, 0.395, 259824
419, 5.87437, 0.413, 260447
420, 5.9604, 0.406, 261069
421, 5.80896, 0.403, 261691
422, 5.87935, 0.407, 262313
423, 5.84363, 0.407, 262935
424, 5.74182, 0.398, 263558
425, 5.73608, 0.389, 264180
426, 5.71886, 0.383, 264803
427, 5.78166, 0.392, 265425
428, 5.67943, 0.386, 266048
429, 5.74058, 0.395, 266670
430, 5.63602, 0.398, 267292
431, 5.69933, 0.393, 267915
432, 5.7407, 0.394, 268537
433, 5.77796, 0.397, 269159
434, 5.57051, 0.391, 269782
435, 5.6242, 0.389, 270404
436, 5.80026, 0.388, 271026
437, 5.66616, 0.386, 271649
438, 5.61534, 0.385, 272271
439, 5.69148, 0.385, 272893
440, 5.60791, 0.397, 273516
441, 5.73072, 0.406, 274138
442, 5.73087, 0.404, 274760
443, 5.6148, 0.399, 275383
444, 5.80845, 0.402, 276005
445, 5.67111, 0.398, 276627
446, 5.55803, 0.391, 277250
447, 5.52345, 0.398, 277872
448, 5.68192, 0.395, 278494
449, 5.7464, 0.39, 279117
450, 5.58663, 0.378, 279739
451, 5.61965, 0.384, 280362
452, 5.58461, 0.38, 280983
453, 5.57284, 0.38, 281606
454, 5.57606, 0.387, 282228
455, 5.69634, 0.382, 282851
456, 5.56447, 0.385, 283473
457, 5.58469, 0.388, 284096
458, 5.55314, 0.38, 284718
459, 5.47854, 0.386, 285340
460, 5.5247, 0.379, 285963
461, 5.56175, 0.379, 286585
462, 5.54337, 0.379, 287207
463, 5.54364, 0.38, 287829
464, 5.40105, 0.374, 288452
465, 5.44642, 0.365, 289074
466, 5.37221, 0.362, 289696
467, 5.43949, 0.375, 290318
468, 5.38039, 0.365, 290941
469, 5.50988, 0.377, 291563
470, 5.38606, 0.381, 292185
471, 5.43647, 0.367, 292808
472, 5.49616, 0.375, 293430
473, 5.40219, 0.374, 294052
474, 5.42442, 0.372, 294675
475, 5.53094, 0.379, 295297
476, 5.47601, 0.378, 295920
477, 5.52059, 0.364, 296542
478, 5.39808, 0.356, 297164
479, 5.28935, 0.354, 297786
480, 5.3018, 0.363, 298409
481, 5.44835, 0.378, 299031
482, 5.41616, 0.373, 299654
483, 5.57416, 0.375, 300276
484, 5.5548, 0.373, 300898
485, 5.35747, 0.371, 301520
486, 5.49213, 0.371, 302143
487, 5.61533, 0.382, 302765
488, 5.60308, 0.375, 303387
489, 5.50454, 0.38, 304010
490, 5.57283, 0.38, 304632
491, 5.53065, 0.38, 305254
492, 5.51554, 0.378, 305876
493, 5.50814, 0.381, 306499
494, 5.79457, 0.382, 307121
495, 5.60807, 0.375, 307743
496, 5.50733, 0.367, 308366
497, 5.63486, 0.378, 308988
498, 5.49445, 0.369, 309610
499, 5.37651, 0.368, 310233
500, 5.42934, 0.386, 310855
501, 5.40689, 0.369, 311478
502, 5.3817, 0.364, 312100
503, 5.33086, 0.372, 312722
504, 5.31149, 0.363, 313345
505, 5.31194, 0.363, 313967
506, 5.2144, 0.356, 314589
507, 5.26782, 0.35, 315212
508, 5.30461, 0.36, 315834
509, 5.30703, 0.367, 316456
510, 5.26427, 0.354, 317079
511, 5.3203, 0.362, 317701
512, 5.31072, 0.355, 318323
513, 5.25903, 0.353, 318946
514, 5.17087, 0.35, 319568
515, 5.10117, 0.345, 320190
516, 5.18554, 0.348, 320812
517, 5.24885, 0.35, 321435
518, 5.05219, 0.348, 322057
519, 5.1401, 0.345, 322679
520, 5.18641, 0.344, 323302
521, 5.05819, 0.339, 323924
522, 5.1764, 0.344, 324547
523, 5.08865, 0.327, 325169
524, 5.12829, 0.336, 325791
525, 5.05032, 0.344, 326414
526, 5.29083, 0.357, 327036
527, 5.2148, 0.361, 327658
528, 5.15036, 0.354, 328281
529, 5.09425, 0.35, 328903
530, 5.1151, 0.348, 329525
531, 5.10634, 0.343, 330147
532, 5.11424, 0.348, 330770
533, 5.11319, 0.346, 331392
534, 5.10417, 0.343, 332014
535, 5.12559, 0.347, 332636
536, 5.10654, 0.344, 333259
537, 5.152, 0.346, 333881
538, 5.13748, 0.341, 334504
539, 5.25394, 0.352, 335126
540, 5.20281, 0.348, 335748
541, 5.21139, 0.348, 336370
542, 5.05032, 0.328, 336993
543, 5.0284, 0.331, 337615
544, 5.03405, 0.329, 338238
545, 5.06536, 0.342, 338860
546, 4.94007, 0.318, 339482
547, 5.10576, 0.346, 340104
548, 5.06576, 0.331, 340727
549, 4.97882, 0.338, 341349
550, 4.9945, 0.327, 341971
551, 5.00526, 0.328, 342594
552, 5.15103, 0.334, 343216
553, 5.09302, 0.335, 343838
554, 5.11573, 0.336, 344460
555, 5.08076, 0.332, 345083
556, 5.09458, 0.336, 345705
557, 5.0652, 0.333, 346327
558, 5.0476, 0.321, 346950
559, 5.09559, 0.329, 347572
560, 5.07001, 0.331, 348194
561, 5.03592, 0.321, 348816
562, 5.09736, 0.325, 349439
563, 5.07628, 0.325, 350061
564, 4.98686, 0.329, 350683
565, 5.07337, 0.345, 351306
566, 4.96853, 0.335, 351928
567, 5.02859, 0.326, 352550
568, 5.04748, 0.323, 353173
569, 4.97123, 0.338, 353795
570, 5.04309, 0.337, 354417
571, 4.98725, 0.324, 355040
572, 4.94533, 0.323, 355662
573, 4.95702, 0.328, 356284
574, 5.04952, 0.329, 356906
575, 4.92512, 0.317, 357529
576, 4.9989, 0.324, 358151
577, 5.05264, 0.324, 358773
578, 5.02004, 0.328, 359395
579, 4.99725, 0.322, 360018
580, 4.98493, 0.321, 360640
581, 5.09637, 0.33, 361262
582, 5.07805, 0.327, 361884
583, 5.1272, 0.317, 362507
584, 5.0874, 0.33, 363129
585, 5.09396, 0.333, 363751
586, 5.0358, 0.33, 364373
587, 5.08073, 0.327, 364995
588, 4.98726, 0.324, 365618
589, 4.93833, 0.324, 366240
590, 5.02407, 0.313, 366863
591, 5.04116, 0.325, 367485
592, 5.01298, 0.332, 368107
593, 5.04831, 0.323, 368729
594, 5.08336, 0.334, 369352
595, 5.01344, 0.333, 369974
596, 5.00812, 0.335, 370598
597, 5.03637, 0.334, 371220
598, 5.19051, 0.337, 371842
599, 5.09607, 0.327, 372464
600, 5.14369, 0.334, 373087
601, 5.03446, 0.33, 373709
602, 5.09115, 0.336, 374331
603, 5.12254, 0.33, 374954
604, 5.07312, 0.333, 375576
605, 4.98361, 0.337, 376198
606, 5.13657, 0.338, 376820
607, 5.22615, 0.335, 377442
608, 5.19525, 0.355, 378065
609, 5.20129, 0.335, 378687
610, 5.1984, 0.34, 379309
611, 5.17211, 0.346, 379932
612, 5.20213, 0.343, 380554
613, 5.11715, 0.332, 381176
614, 5.14701, 0.335, 381798
615, 5.16529, 0.34, 382420
616, 5.24164, 0.338, 383043
617, 5.14333, 0.333, 383665
618, 5.18373, 0.343, 384288
619, 5.2157, 0.344, 384910
620, 5.24756, 0.357, 385532
621, 5.18093, 0.344, 386155
622, 5.06719, 0.335, 386777
623, 5.24475, 0.345, 387399
624, 5.13992, 0.359, 388021
625, 5.22865, 0.353, 388644
626, 5.27085, 0.357, 389266
627, 5.30074, 0.352, 389888
628, 5.11966, 0.353, 390510
629, 5.07212, 0.34, 391133
630, 5.08901, 0.338, 391755
631, 5.20329, 0.352, 392377
632, 5.0659, 0.34, 392999
633, 5.12936, 0.341, 393622
634, 5.0583, 0.337, 394244
635, 4.96202, 0.339, 394866
636, 5.02284, 0.34, 395489
637, 4.88896, 0.337, 396111
638, 5.0547, 0.332, 396733
639, 5.00912, 0.333, 397355
640, 5.09461, 0.345, 397978
641, 4.98485, 0.336, 398600
642, 4.93842, 0.328, 399222
643, 5.14232, 0.338, 399845
644, 5.03664, 0.341, 400467
645, 5.09839, 0.337, 401089
646, 5.02551, 0.335, 401711
647, 5.06512, 0.342, 402334
648, 5.061, 0.332, 402956
649, 4.9899, 0.336, 403578
650, 5.06598, 0.351, 404201
651, 5.02148, 0.335, 404823
652, 4.98757, 0.34, 405445
653, 5.0163, 0.348, 406067
654, 5.01826, 0.328, 406690
655, 4.98479, 0.333, 407312
656, 5.1417, 0.331, 407935
657, 5.25922, 0.337, 408557
658, 5.15354, 0.334, 409179
659, 5.23249, 0.347, 409801
660, 5.24005, 0.347, 410424
661, 5.27059, 0.343, 411046
662, 5.22557, 0.351, 411668
663, 5.31365, 0.345, 412290
664, 5.10667, 0.337, 412912
665, 5.11547, 0.34, 413535
666, 5.06777, 0.334, 414157
667, 5.1749, 0.329, 414779
668, 5.09716, 0.334, 415402
669, 5.13205, 0.328, 416024
670, 5.02751, 0.331, 416646
671, 4.95598, 0.331, 417268
672, 5.10235, 0.34, 417890
673, 5.25884, 0.338, 418513
674, 4.97799, 0.333, 419135
675, 5.10253, 0.331, 419757
676, 5.27417, 0.338, 420380
677, 5.1398, 0.328, 421002
678, 4.92265, 0.332, 421624
679, 5.06507, 0.337, 422247
680, 5.02624, 0.335, 422869
681, 5.2053, 0.338, 423491
682, 4.9983, 0.33, 424113
683, 5.09619, 0.333, 424735
684, 5.18407, 0.33, 425357
685, 5.09192, 0.331, 425980
686, 5.13085, 0.336, 426602
687, 5.22307, 0.332, 427225
688, 5.18338, 0.351, 427847
689, 5.11752, 0.33, 428469
690, 5.09848, 0.342, 429091
691, 5.17258, 0.34, 429713
692, 5.09058, 0.347, 430337
693, 5.07628, 0.344, 430967
694, 5.06712, 0.354, 431589
695, 5.21731, 0.337, 432211
696, 5.17574, 0.34, 432834
697, 5.1511, 0.348, 433456
698, 5.18872, 0.36, 434078
699, 5.1545, 0.352, 434701
700, 5.20861, 0.345, 435323
701, 5.1528, 0.351, 435945
702, 5.22403, 0.359, 436567
703, 5.12927, 0.34, 437190
704, 5.16136, 0.342, 437812
705, 5.07622, 0.341, 438434
706, 5.08367, 0.349, 439057
707, 5.20935, 0.345, 439679
708, 5.13231, 0.342, 440301
709, 5.25949, 0.349, 440923
710, 5.09939, 0.333, 441546
711, 5.07514, 0.327, 442168
712, 5.10352, 0.328, 442790
713, 5.01851, 0.328, 443412
714, 5.09142, 0.332, 444035
715, 5.10724, 0.329, 444657
716, 5.0246, 0.332, 445279
717, 5.15065, 0.34, 445901
718, 5.24823, 0.342, 446524
719, 5.05345, 0.34, 447146
720, 5.09906, 0.331, 447768
721, 5.01874, 0.328, 448391
722, 5.07359, 0.34, 449013
723, 5.03738, 0.327, 449635
724, 4.97456, 0.323, 450257
725, 5.07939, 0.33, 450879
726, 5.10047, 0.327, 451502
727, 5.04637, 0.316, 452124
728, 5.13883, 0.328, 452746
729, 5.00993, 0.33, 453368
730, 5.07925, 0.326, 453991
731, 4.96357, 0.318, 454613
732, 5.02823, 0.329, 455235
733, 5.17427, 0.329, 455857
734, 4.97277, 0.332, 456479
735, 4.88513, 0.317, 457102
736, 4.97496, 0.325, 457724
737, 4.99715, 0.324, 458347
738, 4.99274, 0.331, 458968
739, 5.06456, 0.329, 459591
740, 5.00362, 0.337, 460213
741, 4.98934, 0.331, 460835
742, 5.01566, 0.326, 461457
743, 5.00657, 0.331, 462080
744, 5.0769, 0.331, 462702
745, 5.02796, 0.333, 463324
746, 5.00627, 0.332, 463947
747, 4.93264, 0.325, 464569
748, 4.94251, 0.327, 465191
749, 4.97793, 0.331, 465813
750, 5.0628, 0.322, 466436
751, 5.02251, 0.337, 467058
752, 5.01869, 0.327, 467680
753, 5.18574, 0.335, 468302
754, 4.85523, 0.319, 468924
755, 5.07853, 0.33, 469547
756, 4.92174, 0.313, 470169
757, 4.86776, 0.325, 470791
758, 4.94358, 0.314, 471413
759, 4.96944, 0.327, 472036
760, 4.90565, 0.316, 472658
761, 4.71022, 0.319, 473280
762, 4.82041, 0.314, 473902
763, 5.05075, 0.334, 474525
764, 4.7784, 0.311, 475147
765, 4.86139, 0.331, 475769
766, 5.00789, 0.328, 476391
767, 4.93865, 0.324, 477013
768, 4.77203, 0.308, 477636
769, 4.81977, 0.315, 478258
770, 4.91065, 0.326, 478880
771, 4.83392, 0.322, 479502
772, 4.73012, 0.312, 480125
773, 4.84017, 0.327, 480747
774, 4.81258, 0.33, 481369
775, 4.8446, 0.325, 481991
776, 4.89553, 0.327, 482614
777, 4.77807, 0.321, 483236
778, 4.78766, 0.323, 483858
779, 4.84065, 0.328, 484480
780, 4.87417, 0.339, 485102
781, 4.81854, 0.328, 485725
782, 4.78557, 0.319, 486347
783, 4.79071, 0.321, 486969
784, 4.87918, 0.328, 487591
785, 4.76199, 0.322, 488214
786, 4.83362, 0.321, 488836
787, 4.77977, 0.317, 489458
788, 4.86586, 0.328, 490080
789, 4.67166, 0.32, 490703
790, 4.67861, 0.309, 491325
791, 4.7701, 0.33, 491948
792, 4.68436, 0.317, 492571
793, 4.69209, 0.325, 493194
794, 4.84267, 0.32, 493816
795, 4.76258, 0.31, 494439
796, 4.71762, 0.32, 495062
797, 4.74235, 0.318, 495684
798, 4.85355, 0.321, 496307
799, 4.58156, 0.311, 496930
800, 4.69372, 0.316, 497552
801, 4.587, 0.301, 498175
802, 4.69972, 0.318, 498798
803, 4.53158, 0.298, 499420
804, 4.69989, 0.326, 500043
805, 4.6286, 0.317, 500665
806, 4.73049, 0.311, 501288
807, 4.71509, 0.313, 501910
808, 4.70238, 0.318, 502533
809, 4.74881, 0.308, 503156
810, 4.68193, 0.315, 503778
811, 4.86764, 0.315, 504401
812, 4.68888, 0.317, 505024
813, 4.64319, 0.31, 505646
814, 4.72806, 0.318, 506269
815, 4.77787, 0.316, 506891
816, 4.73147, 0.319, 507514
817, 4.75533, 0.31, 508136
818, 4.782, 0.312, 508758
819, 4.84137, 0.315, 509381
820, 4.69967, 0.307, 510004
821, 4.76792, 0.307, 510626
822, 4.69591, 0.314, 511249
823, 4.77253, 0.314, 511871
824, 4.76879, 0.317, 512494
825, 4.77876, 0.309, 513116
826, 4.85082, 0.311, 513739
827, 4.54659, 0.3, 514362
828, 4.78364, 0.314, 514984
829, 4.70419, 0.309, 515607
830, 4.69543, 0.303, 516229
831, 4.72217, 0.316, 516852
832, 4.60784, 0.299, 517474
833, 4.83191, 0.32, 518097
834, 4.66077, 0.303, 518719
835, 4.52945, 0.312, 519342
836, 4.61657, 0.311, 519965
837, 4.55324, 0.308, 520587
838, 4.7044, 0.306, 521210
839, 4.52698, 0.301, 521832
840, 4.64801, 0.302, 522455
841, 4.74678, 0.301, 523077
842, 4.48372, 0.303, 523700
843, 4.66446, 0.301, 524322
844, 4.55372, 0.304, 524945
845, 4.5359, 0.309, 525567
846, 4.68098, 0.314, 526190
847, 4.61823, 0.306, 526812
848, 4.69603, 0.302, 527435
849, 4.71757, 0.313, 528058
850, 4.73236, 0.317, 528680
851, 4.64422, 0.302, 529303
852, 4.65015, 0.299, 529926
853, 4.69622, 0.304, 530548
854, 4.54319, 0.301, 531171
855, 4.60405, 0.304, 531793
856, 4.64664, 0.3, 532416
857, 4.5451, 0.295, 533039
858, 4.58317, 0.299, 533661
859, 4.77523, 0.312, 534284
860, 4.65483, 0.3, 534906
861, 4.64119, 0.303, 535529
862, 4.74044, 0.312, 536151
863, 4.64881, 0.299, 536774
864, 4.70429, 0.302, 537396
865, 4.66458, 0.316, 538019
866, 4.63589, 0.311, 538642
867, 4.55407, 0.301, 539264
868, 4.5227, 0.309, 539887
869, 4.62121, 0.316, 540509
870, 4.72904, 0.319, 541132
871, 4.60299, 0.306, 541755
872, 4.59796, 0.309, 542377
873, 4.74023, 0.309, 543000
874, 4.66229, 0.304, 543622
875, 4.59579, 0.311, 544245
876, 4.61284, 0.306, 544868
877, 4.62282, 0.314, 545491
878, 4.82835, 0.315, 546114
879, 4.78907, 0.316, 546737
880, 4.73353, 0.308, 547360
881, 4.67722, 0.31, 547983
882, 4.87197, 0.316, 548606
883, 4.74722, 0.31, 549229
884, 4.84342, 0.312, 549852
885, 4.82372, 0.317, 550475
886, 4.86001, 0.322, 551098
887, 4.78394, 0.311, 551721
888, 4.77196, 0.313, 552343
889, 4.91622, 0.313, 552966
890, 4.89161, 0.32, 553589
891, 4.87892, 0.319, 554212
892, 4.83862, 0.32, 554835
893, 4.81769, 0.316, 555458
894, 4.8367, 0.31, 556081
895, 4.92106, 0.324, 556704
896, 4.92853, 0.328, 557327
897, 4.80174, 0.322, 557950
898, 4.91834, 0.326, 558573
899, 4.769, 0.307, 559195
900, 4.92307, 0.31, 559818
901, 4.96829, 0.32, 560441
902, 4.8179, 0.321, 561064
903, 4.82177, 0.326, 561687
904, 5.00465, 0.324, 562310
905, 4.91061, 0.319, 562933
906, 4.89265, 0.319, 563556
907, 4.89105, 0.312, 564179
908, 5.01283, 0.33, 564802
909, 4.65326, 0.308, 565425
910, 4.9588, 0.331, 566048
911, 4.89801, 0.324, 566671
912, 4.8879, 0.335, 567294
913, 4.86077, 0.32, 567917
914, 4.97043, 0.327, 568540
915, 4.90749, 0.318, 569163
916, 4.86662, 0.319, 569786
917, 4.8356, 0.314, 570409
918, 4.81901, 0.33, 571031
919, 4.73984, 0.324, 571654
920, 4.80923, 0.318, 572277
921, 4.83056, 0.319, 572900
922, 4.89634, 0.319, 573523
923, 4.92106, 0.324, 574146
924, 4.89408, 0.322, 574769
925, 4.80527, 0.321, 575392
926, 4.79054, 0.311, 576015
927, 4.97934, 0.324, 576638
928, 4.89179, 0.324, 577261
929, 4.8549, 0.307, 577883
930, 4.89247, 0.323, 578506
931, 4.92256, 0.329, 579129
932, 4.8132, 0.316, 579752
933, 4.83641, 0.321, 580375
934, 4.89817, 0.315, 580997
935, 4.89659, 0.328, 581620
936, 4.9652, 0.318, 582242
937, 4.89379, 0.316, 582865
938, 4.97386, 0.314, 583488
939, 4.93274, 0.324, 584110
940, 4.90886, 0.323, 584733
941, 4.80569, 0.312, 585355
942, 4.76554, 0.309, 585978
943, 4.88513, 0.317, 586601
944, 4.77119, 0.305, 587223
945, 4.88718, 0.315, 587846
946, 4.71087, 0.303, 588468
947, 4.87337, 0.318, 589091
948, 4.88569, 0.32, 589714
949, 4.92881, 0.315, 590336
950, 4.85437, 0.318, 590959
951, 4.90456, 0.319, 591582
952, 5.00467, 0.32, 592204
953, 4.71564, 0.307, 592827
954, 4.86084, 0.31, 593450
955, 4.93728, 0.315, 594072
956, 4.98197, 0.316, 594695
957, 5.02389, 0.327, 595318
958, 4.92832, 0.318, 595940
959, 4.90937, 0.316, 596563
960, 5.00518, 0.316, 597186
961, 4.95207, 0.32, 597809
962, 4.94083, 0.315, 598432
963, 5.02264, 0.312, 599055
964, 5.02056, 0.328, 599677
965, 4.91697, 0.335, 600300
966, 4.95009, 0.328, 600923
967, 5.01206, 0.328, 601545
968, 4.97534, 0.319, 602168
969, 4.92016, 0.328, 602791
970, 4.90151, 0.314, 603414
971, 5.05045, 0.316, 604036
972, 5.0232, 0.32, 604659
973, 4.94935, 0.317, 605281
974, 4.86839, 0.31, 605904
975, 4.86561, 0.309, 606527
976, 4.90455, 0.315, 607149
977, 4.92096, 0.319, 607772
978, 4.88091, 0.322, 608395
979, 4.93691, 0.313, 609018
980, 4.8784, 0.312, 609640
981, 4.86236, 0.319, 610263
982, 4.90586, 0.316, 610897
983, 4.73797, 0.311, 611520
984, 4.88196, 0.317, 612142
985, 4.9279, 0.312, 612765
986, 4.92252, 0.317, 613388
987, 4.99837, 0.325, 614010
988, 4.96092, 0.334, 614633
989, 5.11381, 0.328, 615255
990, 4.92384, 0.335, 615878
991, 5.01845, 0.326, 616501
992, 4.87749, 0.323, 617123
993, 5.0013, 0.32, 617746
994, 5.00534, 0.331, 618369
995, 4.82791, 0.313, 618991
996, 5.10734, 0.332, 619614
997, 5.08941, 0.33, 620236
998, 4.93151, 0.319, 620859
999, 4.98316, 0.322, 621482
1000, 4.98871, 0.336, 622104
