epoch, cross_entropy, error, time
1, 23.3774, 0.868, 612
2, 4.03646, 0.494, 1857
3, 2.74161, 0.433, 3103
4, 2.14918, 0.325, 4350
5, 1.79867, 0.273, 5596
6, 1.55401, 0.232, 6842
7, 1.44874, 0.224, 8087
8, 1.41302, 0.226, 9333
9, 1.39734, 0.227, 10578
10, 1.20779, 0.214, 11824
11, 1.05497, 0.187, 13070
12, 1.10241, 0.209, 14315
13, 1.13641, 0.217, 15561
14, 1.1228, 0.217, 16807
15, 1.10855, 0.203, 18052
16, 1.05403, 0.208, 19298
17, 1.0502, 0.197, 20544
18, 1.02692, 0.21, 21789
19, 1.09682, 0.215, 23035
20, 1.10889, 0.217, 24280
21, 1.13537, 0.204, 25526
22, 1.1668, 0.226, 26771
23, 1.20545, 0.236, 28017
24, 1.25501, 0.242, 29263
25, 1.24879, 0.248, 30508
26, 1.26131, 0.247, 31754
27, 1.30912, 0.259, 32999
28, 1.38787, 0.268, 34245
29, 1.34935, 0.276, 35490
30, 1.37066, 0.275, 36736
31, 1.34749, 0.263, 37981
32, 1.52219, 0.274, 39227
33, 1.45147, 0.264, 40472
34, 1.41986, 0.272, 41718
35, 1.38181, 0.274, 42963
36, 1.33567, 0.262, 44209
37, 1.36819, 0.265, 45454
38, 1.28893, 0.26, 46700
39, 1.25967, 0.255, 47945
40, 1.20826, 0.24, 49191
41, 1.18721, 0.24, 50436
42, 1.17913, 0.233, 51682
43, 1.17199, 0.229, 52927
44, 1.13496, 0.223, 54173
45, 1.12151, 0.212, 55419
46, 1.13365, 0.207, 56664
47, 1.12501, 0.212, 57910
48, 1.14243, 0.216, 59155
49, 1.11576, 0.213, 60401
50, 1.09748, 0.2, 61646
51, 1.03048, 0.199, 62892
52, 1.23211, 0.211, 64138
53, 1.15332, 0.222, 65384
54, 1.06468, 0.202, 66629
55, 1.05691, 0.203, 67875
56, 0.959922, 0.179, 69121
57, 0.934876, 0.17, 70366
58, 0.920963, 0.168, 71612
59, 0.895068, 0.169, 72857
60, 0.90526, 0.169, 74103
61, 0.917685, 0.172, 75348
62, 0.853529, 0.161, 76594
63, 0.84707, 0.151, 77840
64, 0.839951, 0.147, 79085
65, 0.839324, 0.138, 80331
66, 0.845686, 0.145, 81577
67, 0.855773, 0.14, 82822
68, 0.87985, 0.139, 84067
69, 0.878354, 0.136, 85312
70, 0.905231, 0.14, 86557
71, 0.895089, 0.142, 87803
72, 0.912284, 0.143, 89048
73, 0.927921, 0.147, 90293
74, 0.969888, 0.152, 91539
75, 1.01117, 0.157, 92784
76, 0.956164, 0.144, 94029
77, 0.978746, 0.149, 95274
78, 0.991463, 0.15, 96519
79, 1.05134, 0.156, 97764
80, 1.03671, 0.15, 99009
81, 1.00865, 0.15, 100255
82, 1.0233, 0.157, 101500
83, 1.00901, 0.159, 102745
84, 1.44455, 0.22, 103990
85, 1.52263, 0.253, 105235
86, 1.54569, 0.268, 106480
87, 1.56744, 0.289, 107726
88, 1.52122, 0.281, 108971
89, 1.46217, 0.269, 110216
90, 1.46087, 0.245, 111461
91, 1.4048, 0.242, 112706
92, 1.41343, 0.247, 113952
93, 1.39218, 0.252, 115197
94, 1.46237, 0.256, 116442
95, 1.45425, 0.248, 117687
96, 1.39722, 0.245, 118932
97, 1.50038, 0.246, 120177
98, 1.63219, 0.273, 121423
99, 1.55595, 0.266, 122668
100, 1.54602, 0.27, 123914
101, 1.48586, 0.26, 125159
102, 1.50714, 0.264, 126405
103, 1.45213, 0.254, 127650
104, 1.43055, 0.255, 128895
105, 1.47162, 0.255, 130140
106, 1.50475, 0.263, 131385
107, 1.54328, 0.257, 132630
108, 1.53738, 0.258, 133876
109, 1.56109, 0.261, 135121
110, 1.58013, 0.273, 136366
111, 1.58651, 0.28, 137611
112, 1.63523, 0.293, 138856
113, 1.69753, 0.298, 140102
114, 1.96048, 0.33, 141347
115, 1.91683, 0.324, 142592
116, 1.86121, 0.324, 143838
117, 1.88352, 0.317, 145083
118, 1.80826, 0.32, 146328
119, 1.8101, 0.316, 147574
120, 1.85058, 0.327, 148819
121, 1.81694, 0.325, 150068
122, 1.84988, 0.333, 151322
123, 1.83687, 0.323, 152567
124, 1.79136, 0.315, 153812
125, 1.73791, 0.296, 155057
126, 1.74088, 0.294, 156303
127, 1.71185, 0.291, 157548
128, 1.69964, 0.282, 158793
129, 1.69284, 0.279, 160038
130, 1.66472, 0.282, 161284
131, 1.70814, 0.279, 162529
132, 1.72682, 0.289, 163774
133, 1.68307, 0.282, 165019
134, 1.67809, 0.283, 166264
135, 1.65202, 0.286, 167509
136, 1.63341, 0.282, 168755
137, 1.64566, 0.272, 170000
138, 1.62466, 0.271, 171245
139, 1.62501, 0.271, 172490
140, 1.66062, 0.285, 173736
141, 1.65468, 0.273, 174981
142, 1.66772, 0.278, 176226
143, 1.63316, 0.274, 177471
144, 1.62352, 0.279, 178716
145, 1.56454, 0.271, 179961
146, 1.54898, 0.263, 181206
147, 1.542, 0.257, 182452
148, 1.54205, 0.248, 183697
149, 1.51125, 0.248, 184943
150, 1.53514, 0.247, 186188
151, 1.49728, 0.242, 187433
152, 1.49076, 0.243, 188678
153, 1.52519, 0.241, 189923
154, 1.51845, 0.251, 191169
155, 1.49378, 0.247, 192414
156, 1.50273, 0.247, 193659
157, 1.47701, 0.24, 194904
158, 1.47749, 0.237, 196149
159, 1.43997, 0.228, 197395
160, 1.41503, 0.226, 198640
161, 1.44669, 0.227, 199885
162, 1.41627, 0.222, 201131
163, 1.41016, 0.229, 202376
164, 1.39028, 0.223, 203621
165, 1.37435, 0.23, 204866
166, 1.34717, 0.221, 206111
167, 1.37589, 0.228, 207356
168, 1.3579, 0.227, 208601
169, 1.39392, 0.222, 209847
170, 1.40095, 0.231, 211093
171, 1.37632, 0.223, 212338
172, 1.39044, 0.228, 213583
173, 1.37726, 0.225, 214828
174, 1.42556, 0.233, 216074
175, 1.38878, 0.227, 217319
176, 1.39516, 0.223, 218564
177, 1.40637, 0.231, 219810
178, 1.3984, 0.232, 221055
179, 1.38643, 0.225, 222300
180, 1.40863, 0.234, 223546
181, 1.38767, 0.228, 224791
182, 1.4028, 0.23, 226036
183, 1.40041, 0.232, 227282
184, 1.40224, 0.228, 228527
185, 1.3879, 0.223, 229772
186, 1.37879, 0.222, 231017
187, 1.342, 0.218, 232263
188, 1.34512, 0.213, 233508
189, 1.33049, 0.208, 234753
190, 1.29408, 0.204, 235998
191, 1.33779, 0.217, 237244
192, 1.30217, 0.206, 238489
193, 1.2907, 0.2, 239734
194, 1.25606, 0.203, 240979
195, 1.25486, 0.206, 242225
196, 1.26974, 0.213, 243471
197, 1.2972, 0.212, 244723
198, 1.27333, 0.209, 245968
199, 1.26566, 0.21, 247213
200, 1.29713, 0.215, 248459
201, 1.31063, 0.217, 249704
202, 1.30706, 0.213, 250949
203, 1.26555, 0.219, 252194
204, 1.28561, 0.219, 253440
205, 1.27511, 0.225, 254685
206, 1.3122, 0.225, 255930
207, 1.2975, 0.225, 257175
208, 1.32412, 0.226, 258420
209, 1.31582, 0.225, 259666
210, 1.3263, 0.228, 260911
211, 1.33976, 0.226, 262156
212, 1.28258, 0.218, 263401
213, 1.30247, 0.217, 264646
214, 1.29824, 0.221, 265892
215, 1.27529, 0.207, 267137
216, 1.25739, 0.217, 268382
217, 1.22532, 0.196, 269627
218, 1.24144, 0.205, 270872
219, 1.25722, 0.206, 272117
220, 1.26398, 0.213, 273363
221, 1.25886, 0.213, 274608
222, 1.2541, 0.211, 275853
223, 1.25753, 0.212, 277098
224, 1.26672, 0.223, 278343
225, 1.27549, 0.219, 279588
226, 1.28702, 0.218, 280834
227, 1.29314, 0.223, 282079
228, 1.31806, 0.229, 283325
229, 1.32707, 0.236, 284569
230, 1.31703, 0.237, 285815
231, 1.33398, 0.234, 287060
232, 1.33107, 0.232, 288305
233, 1.35067, 0.236, 289550
234, 1.35799, 0.237, 290795
235, 1.38938, 0.248, 292041
236, 1.37833, 0.258, 293286
237, 1.40358, 0.253, 294531
238, 1.42625, 0.258, 295776
239, 1.47456, 0.265, 297021
240, 1.46647, 0.272, 298266
241, 1.48861, 0.273, 299512
242, 1.48114, 0.268, 300757
243, 1.47645, 0.275, 302002
244, 1.48354, 0.289, 303247
245, 1.44881, 0.281, 304493
246, 1.46333, 0.286, 305738
247, 1.45377, 0.283, 306983
248, 1.4508, 0.274, 308229
249, 1.45333, 0.277, 309474
250, 1.47195, 0.282, 310719
251, 1.46394, 0.281, 311964
252, 1.45763, 0.282, 313210
253, 1.47365, 0.287, 314455
254, 1.4629, 0.285, 315700
255, 1.47248, 0.286, 316945
256, 1.46808, 0.286, 318191
257, 1.45911, 0.282, 319436
258, 1.45719, 0.281, 320681
259, 1.49934, 0.286, 321926
260, 1.62563, 0.305, 323172
261, 1.66923, 0.313, 324417
262, 1.67533, 0.318, 325662
263, 1.64938, 0.318, 326907
264, 1.6568, 0.316, 328153
265, 1.67041, 0.316, 329398
266, 1.67381, 0.315, 330643
267, 1.6721, 0.315, 331889
268, 1.68712, 0.326, 333134
269, 1.69275, 0.328, 334379
270, 1.69767, 0.332, 335624
271, 1.65675, 0.317, 336869
272, 1.65573, 0.32, 338115
273, 1.6812, 0.317, 339360
274, 1.66157, 0.313, 340605
275, 1.65925, 0.317, 341850
276, 1.65187, 0.317, 343096
277, 1.65795, 0.311, 344341
278, 1.65766, 0.31, 345586
279, 1.67681, 0.318, 346831
280, 1.64964, 0.303, 348076
281, 1.64617, 0.304, 349321
282, 1.6451, 0.305, 350566
283, 1.65152, 0.309, 351812
284, 1.61031, 0.301, 353057
285, 1.6314, 0.298, 354302
286, 1.61405, 0.296, 355547
287, 1.60974, 0.3, 356792
288, 1.59435, 0.303, 358037
289, 1.63275, 0.304, 359282
290, 1.61599, 0.304, 360527
291, 1.60646, 0.302, 361773
292, 1.62078, 0.302, 363018
293, 1.63403, 0.307, 364264
294, 1.63239, 0.301, 365509
295, 1.62653, 0.304, 366754
296, 1.62328, 0.307, 367999
297, 1.61458, 0.303, 369244
298, 1.63446, 0.305, 370489
299, 1.62043, 0.301, 371734
300, 1.58855, 0.3, 372979
301, 1.60361, 0.304, 374224
302, 1.60378, 0.311, 375469
303, 1.62131, 0.313, 376714
304, 1.61539, 0.309, 377960
305, 1.611, 0.306, 379205
306, 1.61509, 0.305, 380450
307, 1.61724, 0.306, 381695
308, 1.62685, 0.317, 382940
309, 1.6339, 0.316, 384185
310, 1.61628, 0.315, 385430
311, 1.60718, 0.313, 386675
312, 1.63612, 0.312, 387921
313, 1.63744, 0.311, 389165
314, 1.62299, 0.31, 390411
315, 1.59667, 0.302, 391656
316, 1.62354, 0.307, 392901
317, 1.63161, 0.318, 394146
318, 1.61041, 0.311, 395391
319, 1.59974, 0.304, 396636
320, 1.5954, 0.3, 397882
321, 1.583, 0.3, 399127
322, 1.60204, 0.294, 400372
323, 1.57843, 0.291, 401617
324, 1.57214, 0.29, 402863
325, 1.57008, 0.292, 404108
326, 1.55332, 0.285, 405353
327, 1.54223, 0.291, 406598
328, 1.51507, 0.286, 407843
329, 1.50946, 0.28, 409089
330, 1.50106, 0.273, 410334
331, 1.49682, 0.272, 411579
332, 1.49475, 0.275, 412824
333, 1.50428, 0.276, 414069
334, 1.50838, 0.28, 415314
335, 1.47734, 0.271, 416559
336, 1.47406, 0.27, 417805
337, 1.4649, 0.264, 419050
338, 1.45912, 0.266, 420295
339, 1.4874, 0.269, 421540
340, 1.497, 0.268, 422785
341, 1.50271, 0.267, 424032
342, 1.51293, 0.267, 425277
343, 1.51435, 0.264, 426522
344, 1.50145, 0.269, 427767
345, 1.49991, 0.268, 429012
346, 1.47699, 0.267, 430257
347, 1.50738, 0.277, 431502
348, 1.50025, 0.276, 432748
349, 1.4975, 0.278, 433993
350, 1.49875, 0.267, 435238
351, 1.50342, 0.271, 436483
352, 1.49185, 0.268, 437728
353, 1.479, 0.269, 438973
354, 1.44683, 0.27, 440219
355, 1.45323, 0.264, 441464
356, 1.4466, 0.265, 442709
357, 1.44241, 0.269, 443954
358, 1.46298, 0.27, 445199
359, 1.47396, 0.265, 446444
360, 1.46673, 0.263, 447688
361, 1.46288, 0.26, 448933
362, 1.46406, 0.257, 450178
363, 1.46324, 0.26, 451422
364, 1.44917, 0.257, 452667
365, 1.44385, 0.252, 453911
366, 1.46576, 0.257, 455156
367, 1.47107, 0.258, 456400
368, 1.47112, 0.253, 457645
369, 1.43954, 0.252, 458890
370, 1.45136, 0.254, 460134
371, 1.4587, 0.255, 461379
372, 1.45918, 0.253, 462623
373, 1.45469, 0.257, 463868
374, 1.46679, 0.254, 465112
375, 1.47471, 0.257, 466357
376, 1.45963, 0.256, 467602
377, 1.45796, 0.261, 468846
378, 1.46171, 0.262, 470091
379, 1.47026, 0.264, 471335
380, 1.47698, 0.271, 472580
381, 1.48283, 0.269, 473824
382, 1.47295, 0.268, 475069
383, 1.46085, 0.267, 476313
384, 1.47426, 0.268, 477558
385, 1.47611, 0.272, 478802
386, 1.50426, 0.278, 480047
387, 1.50795, 0.271, 481291
388, 1.51716, 0.276, 482536
389, 1.52265, 0.277, 483782
390, 1.51594, 0.273, 485026
391, 1.49455, 0.271, 486271
392, 1.51013, 0.267, 487516
393, 1.53284, 0.267, 488760
394, 1.54307, 0.269, 490005
395, 1.53015, 0.272, 491249
396, 1.54095, 0.267, 492494
397, 1.54667, 0.269, 493739
398, 1.54059, 0.266, 494983
399, 1.54852, 0.269, 496228
400, 1.54993, 0.27, 497472
401, 1.51, 0.267, 498717
402, 1.52345, 0.272, 499962
403, 1.52466, 0.27, 501206
404, 1.53037, 0.273, 502451
405, 1.55925, 0.268, 503695
406, 1.55437, 0.272, 504940
407, 1.53909, 0.273, 506185
408, 1.54857, 0.274, 507429
409, 1.52975, 0.269, 508674
410, 1.53173, 0.264, 509918
411, 1.54953, 0.272, 511163
412, 1.54692, 0.272, 512408
413, 1.52221, 0.268, 513652
414, 1.52349, 0.271, 514897
415, 1.52719, 0.272, 516141
416, 1.52472, 0.269, 517386
417, 1.5193, 0.272, 518630
418, 1.53883, 0.275, 519875
419, 1.53518, 0.272, 521119
420, 1.525, 0.275, 522364
421, 1.51294, 0.266, 523608
422, 1.53509, 0.267, 524853
423, 1.54502, 0.266, 526097
424, 1.53421, 0.264, 527342
425, 1.55029, 0.27, 528587
426, 1.53223, 0.27, 529831
427, 1.54276, 0.267, 531076
428, 1.54466, 0.271, 532320
429, 1.53277, 0.272, 533565
430, 1.53994, 0.273, 534809
431, 1.54784, 0.273, 536054
432, 1.54053, 0.267, 537298
433, 1.50201, 0.264, 538543
434, 1.52414, 0.263, 539787
435, 1.53044, 0.266, 541032
436, 1.51561, 0.269, 542277
437, 1.5179, 0.263, 543522
438, 1.53405, 0.267, 544766
439, 1.546, 0.27, 546011
440, 1.54337, 0.268, 547256
441, 1.542, 0.267, 548500
442, 1.56203, 0.267, 549745
443, 1.5434, 0.27, 550989
444, 1.57682, 0.271, 552234
445, 1.58175, 0.275, 553479
446, 1.57499, 0.274, 554723
447, 1.55512, 0.272, 555968
448, 1.56798, 0.276, 557212
449, 1.5719, 0.28, 558457
450, 1.56987, 0.28, 559702
451, 1.58141, 0.284, 560947
452, 1.57796, 0.281, 562192
453, 1.56164, 0.283, 563436
454, 1.59758, 0.285, 564681
455, 1.58817, 0.284, 565926
456, 1.59183, 0.283, 567171
457, 1.60361, 0.281, 568415
458, 1.58968, 0.275, 569660
459, 1.57687, 0.279, 570905
460, 1.57479, 0.273, 572149
461, 1.59203, 0.274, 573394
462, 1.5945, 0.273, 574639
463, 1.56644, 0.271, 575884
464, 1.56389, 0.265, 577129
465, 1.54163, 0.264, 578373
466, 1.56833, 0.266, 579618
467, 1.54973, 0.26, 580862
468, 1.52216, 0.257, 582107
469, 1.49984, 0.257, 583352
470, 1.52538, 0.262, 584596
471, 1.52725, 0.259, 585841
472, 1.5086, 0.255, 587086
473, 1.5355, 0.256, 588330
474, 1.50471, 0.254, 589575
475, 1.50326, 0.251, 590820
476, 1.52033, 0.256, 592065
477, 1.52076, 0.258, 593309
478, 1.50848, 0.262, 594554
479, 1.51211, 0.259, 595799
480, 1.52178, 0.257, 597043
481, 1.5146, 0.25, 598288
482, 1.51372, 0.257, 599533
483, 1.52638, 0.255, 600777
484, 1.53616, 0.262, 602022
485, 1.53193, 0.254, 603267
486, 1.5455, 0.264, 604512
487, 1.54644, 0.26, 605757
488, 1.55768, 0.259, 607001
489, 1.55682, 0.262, 608246
490, 1.54944, 0.257, 609490
491, 1.52908, 0.256, 610734
492, 1.52354, 0.257, 611979
493, 1.52733, 0.26, 613224
494, 1.51086, 0.256, 614468
495, 1.52439, 0.259, 615713
496, 1.52089, 0.27, 616957
497, 1.52676, 0.268, 618202
498, 1.53482, 0.267, 619447
499, 1.49873, 0.261, 620691
500, 1.50573, 0.263, 621936
501, 1.50912, 0.267, 623180
502, 1.50615, 0.266, 624425
503, 1.51639, 0.271, 625670
504, 1.50867, 0.266, 626914
505, 1.517, 0.265, 628159
506, 1.51322, 0.266, 629403
507, 1.49874, 0.26, 630648
508, 1.50128, 0.257, 631892
509, 1.48935, 0.26, 633137
510, 1.48984, 0.26, 634381
511, 1.52233, 0.264, 635626
512, 1.51937, 0.263, 636871
513, 1.53584, 0.267, 638115
514, 1.5191, 0.268, 639360
515, 1.49532, 0.259, 640605
516, 1.49943, 0.26, 641849
517, 1.48906, 0.256, 643094
518, 1.48837, 0.253, 644338
519, 1.49783, 0.258, 645583
520, 1.49047, 0.251, 646827
521, 1.49645, 0.251, 648072
522, 1.49067, 0.253, 649317
523, 1.47529, 0.251, 650561
524, 1.46745, 0.244, 651806
525, 1.46117, 0.247, 653051
526, 1.46738, 0.248, 654295
527, 1.43234, 0.24, 655540
528, 1.40822, 0.231, 656784
529, 1.42115, 0.24, 658029
530, 1.44008, 0.249, 659274
531, 1.42186, 0.244, 660518
532, 1.43449, 0.243, 661763
533, 1.42624, 0.242, 663007
534, 1.43044, 0.239, 664262
535, 1.42949, 0.245, 665506
536, 1.42147, 0.245, 666751
537, 1.41002, 0.239, 667996
538, 1.40309, 0.238, 669240
539, 1.39327, 0.232, 670485
540, 1.38626, 0.228, 671730
541, 1.36737, 0.232, 672974
542, 1.35043, 0.234, 674219
543, 1.33487, 0.227, 675464
544, 1.31714, 0.221, 676708
545, 1.33424, 0.226, 677953
546, 1.3378, 0.222, 679198
547, 1.3218, 0.221, 680442
548, 1.32118, 0.219, 681687
549, 1.30932, 0.216, 682932
550, 1.32635, 0.215, 684176
551, 1.32305, 0.215, 685421
552, 1.30187, 0.212, 686665
553, 1.30561, 0.206, 687910
554, 1.3126, 0.214, 689154
555, 1.31117, 0.212, 690399
556, 1.31107, 0.214, 691644
557, 1.30391, 0.212, 692888
558, 1.32162, 0.218, 694133
559, 1.31191, 0.219, 695377
560, 1.33298, 0.22, 696621
561, 1.32725, 0.222, 697866
562, 1.34335, 0.227, 699111
563, 1.36212, 0.23, 700355
564, 1.34807, 0.223, 701599
565, 1.35078, 0.229, 702844
566, 1.3508, 0.228, 704089
567, 1.34859, 0.229, 705333
568, 1.36332, 0.232, 706578
569, 1.36334, 0.236, 707822
570, 1.35272, 0.229, 709067
571, 1.35234, 0.227, 710312
572, 1.35624, 0.229, 711556
573, 1.34586, 0.224, 712801
574, 1.33848, 0.223, 714045
575, 1.33338, 0.221, 715290
576, 1.34558, 0.222, 716534
577, 1.32194, 0.218, 717778
578, 1.32101, 0.214, 719023
579, 1.3259, 0.216, 720268
580, 1.33599, 0.216, 721512
581, 1.3265, 0.211, 722757
582, 1.31744, 0.212, 724002
583, 1.32886, 0.219, 725247
584, 1.32332, 0.218, 726492
585, 1.30766, 0.215, 727736
586, 1.33665, 0.221, 728981
587, 1.32372, 0.217, 730225
588, 1.31319, 0.217, 731470
589, 1.33678, 0.222, 732714
590, 1.34963, 0.226, 733959
591, 1.34794, 0.223, 735203
592, 1.33038, 0.229, 736448
593, 1.35405, 0.231, 737693
594, 1.33328, 0.232, 738937
595, 1.34395, 0.233, 740182
596, 1.34128, 0.234, 741426
597, 1.33137, 0.236, 742671
598, 1.35192, 0.236, 743916
599, 1.34165, 0.23, 745160
600, 1.36641, 0.234, 746405
601, 1.35069, 0.234, 747650
602, 1.35741, 0.233, 748895
603, 1.34989, 0.231, 750139
604, 1.37567, 0.242, 751384
605, 1.45814, 0.256, 752628
606, 1.45129, 0.255, 753873
607, 1.47375, 0.253, 755118
608, 1.46624, 0.252, 756362
609, 1.47445, 0.254, 757607
610, 1.47055, 0.255, 758851
611, 1.47381, 0.257, 760096
612, 1.45828, 0.252, 761340
613, 1.47701, 0.257, 762585
614, 1.46645, 0.254, 763830
615, 1.47325, 0.251, 765074
616, 1.48004, 0.251, 766319
617, 1.46661, 0.25, 767563
618, 1.47433, 0.255, 768808
619, 1.47133, 0.256, 770052
620, 1.46147, 0.253, 771297
621, 1.46043, 0.253, 772542
622, 1.45893, 0.256, 773786
623, 1.47042, 0.254, 775031
624, 1.48356, 0.259, 776276
625, 1.46666, 0.256, 777520
626, 1.45868, 0.254, 778765
627, 1.46474, 0.254, 780010
628, 1.46158, 0.256, 781254
629, 1.46115, 0.256, 782499
630, 1.45443, 0.259, 783754
631, 1.44817, 0.256, 784999
632, 1.44777, 0.257, 786244
633, 1.43702, 0.252, 787489
634, 1.44157, 0.251, 788733
635, 1.43399, 0.248, 789978
636, 1.44499, 0.248, 791222
637, 1.44094, 0.25, 792467
638, 1.44427, 0.25, 793711
639, 1.44824, 0.251, 794956
640, 1.44754, 0.253, 796200
641, 1.45387, 0.254, 797445
642, 1.45382, 0.251, 798689
643, 1.45064, 0.247, 799934
644, 1.45075, 0.252, 801179
645, 1.44568, 0.249, 802424
646, 1.44219, 0.246, 803668
647, 1.44702, 0.243, 804913
648, 1.43645, 0.243, 806157
649, 1.43978, 0.243, 807402
650, 1.43567, 0.239, 808646
651, 1.44911, 0.245, 809891
652, 1.42416, 0.237, 811136
653, 1.43076, 0.239, 812380
654, 1.41795, 0.24, 813625
655, 1.42152, 0.242, 814870
656, 1.4208, 0.248, 816114
657, 1.40437, 0.243, 817359
658, 1.45074, 0.254, 818604
659, 1.51941, 0.262, 819848
660, 1.49134, 0.261, 821093
661, 1.48222, 0.252, 822337
662, 1.49173, 0.258, 823582
663, 1.48951, 0.249, 824826
664, 1.47965, 0.248, 826071
665, 1.47276, 0.246, 827316
666, 1.46872, 0.246, 828560
667, 1.46346, 0.246, 829805
668, 1.46128, 0.239, 831050
669, 1.45704, 0.237, 832294
670, 1.48451, 0.246, 833539
671, 1.49177, 0.248, 834783
672, 1.48833, 0.25, 836028
673, 1.46991, 0.254, 837273
674, 1.46914, 0.257, 838517
675, 1.47586, 0.252, 839762
676, 1.47862, 0.253, 841006
677, 1.48031, 0.25, 842251
678, 1.49179, 0.254, 843497
679, 1.47647, 0.246, 844743
680, 1.46742, 0.242, 845993
681, 1.46599, 0.243, 847237
682, 1.46839, 0.245, 848482
683, 1.46252, 0.239, 849727
684, 1.45893, 0.238, 850971
685, 1.47736, 0.245, 852216
686, 1.47801, 0.241, 853460
687, 1.46184, 0.239, 854705
688, 1.44307, 0.233, 855950
689, 1.45507, 0.234, 857195
690, 1.4589, 0.235, 858440
691, 1.46895, 0.24, 859684
692, 1.47845, 0.245, 860929
693, 1.48618, 0.245, 862174
694, 1.48569, 0.244, 863418
695, 1.48675, 0.249, 864663
696, 1.48681, 0.251, 865908
697, 1.48578, 0.252, 867152
698, 1.48374, 0.244, 868397
699, 1.47387, 0.248, 869641
700, 1.47741, 0.248, 870891
701, 1.4835, 0.251, 872137
702, 1.48172, 0.243, 873381
703, 1.49979, 0.245, 874626
704, 1.49864, 0.25, 875870
705, 1.50836, 0.249, 877115
706, 1.50994, 0.246, 878360
707, 1.52447, 0.25, 879604
708, 1.50157, 0.248, 880849
709, 1.52213, 0.252, 882094
710, 1.51568, 0.244, 883338
711, 1.51943, 0.247, 884583
712, 1.50182, 0.247, 885827
713, 1.50385, 0.251, 887072
714, 1.49808, 0.248, 888317
715, 1.51231, 0.252, 889561
716, 1.49586, 0.245, 890806
717, 1.48354, 0.245, 892050
718, 1.50038, 0.251, 893295
719, 1.50654, 0.252, 894539
720, 1.50784, 0.253, 895784
721, 1.51976, 0.254, 897029
722, 1.53164, 0.259, 898273
723, 1.53078, 0.259, 899518
724, 1.51402, 0.251, 900762
725, 1.51139, 0.248, 902007
726, 1.5294, 0.25, 903251
727, 1.54529, 0.253, 904497
728, 1.54073, 0.248, 905741
729, 1.54332, 0.249, 906986
730, 1.56204, 0.254, 908231
731, 1.56571, 0.258, 909475
732, 1.55411, 0.252, 910720
733, 1.55615, 0.254, 911964
734, 1.54091, 0.252, 913209
735, 1.5618, 0.251, 914454
736, 1.54493, 0.251, 915698
737, 1.55025, 0.253, 916943
738, 1.57318, 0.253, 918187
739, 1.56015, 0.253, 919432
740, 1.58368, 0.258, 920677
741, 1.5688, 0.256, 921922
742, 1.56732, 0.253, 923166
743, 1.5801, 0.252, 924411
744, 1.5885, 0.253, 925655
745, 1.57539, 0.257, 926900
746, 1.56455, 0.257, 928144
747, 1.5706, 0.258, 929389
748, 1.57001, 0.26, 930634
749, 1.56613, 0.257, 931878
750, 1.5891, 0.263, 933123
751, 1.59186, 0.262, 934368
752, 1.59509, 0.262, 935612
753, 1.58899, 0.257, 936857
754, 1.57718, 0.254, 938101
755, 1.57739, 0.252, 939346
756, 1.56728, 0.251, 940590
757, 1.57677, 0.258, 941835
758, 1.57528, 0.254, 943079
759, 1.57716, 0.254, 944324
760, 1.57834, 0.257, 945568
761, 1.57437, 0.253, 946813
762, 1.57919, 0.254, 948058
763, 1.57638, 0.253, 949302
764, 1.58108, 0.254, 950547
765, 1.59789, 0.255, 951791
766, 1.59504, 0.255, 953036
767, 1.58394, 0.25, 954281
768, 1.57188, 0.255, 955526
769, 1.57362, 0.254, 956770
770, 1.62514, 0.262, 958015
771, 1.61391, 0.26, 959260
772, 1.60837, 0.258, 960505
773, 1.60902, 0.253, 961750
774, 1.60742, 0.26, 962994
775, 1.59986, 0.258, 964251
776, 1.59704, 0.259, 965495
777, 1.59624, 0.254, 966740
778, 1.58379, 0.257, 967985
779, 1.584, 0.258, 969230
780, 1.59062, 0.258, 970474
781, 1.58242, 0.256, 971719
782, 1.6027, 0.262, 972963
783, 1.59351, 0.262, 974208
784, 1.59192, 0.263, 975453
785, 1.60058, 0.267, 976697
786, 1.60599, 0.269, 977942
787, 1.62126, 0.264, 979187
788, 1.61656, 0.266, 980431
789, 1.62878, 0.263, 981676
790, 1.61918, 0.262, 982921
791, 1.61505, 0.263, 984165
792, 1.60199, 0.264, 985410
793, 1.59661, 0.263, 986655
794, 1.59414, 0.264, 987899
795, 1.60274, 0.262, 989144
796, 1.61757, 0.264, 990389
797, 1.63098, 0.266, 991633
798, 1.62303, 0.266, 992878
799, 1.62496, 0.267, 994123
800, 1.62706, 0.273, 995368
801, 1.62264, 0.271, 996612
802, 1.6238, 0.27, 997857
803, 1.62049, 0.262, 999101
804, 1.63161, 0.262, 1000346
805, 1.61658, 0.266, 1001591
806, 1.61696, 0.265, 1002835
807, 1.60927, 0.263, 1004080
808, 1.60102, 0.262, 1005325
809, 1.60002, 0.267, 1006569
810, 1.59825, 0.265, 1007814
811, 1.61695, 0.274, 1009058
812, 1.606, 0.269, 1010303
813, 1.61142, 0.265, 1011548
814, 1.59803, 0.269, 1012792
815, 1.59534, 0.27, 1014037
816, 1.60062, 0.267, 1015282
817, 1.62993, 0.264, 1016526
818, 1.63065, 0.256, 1017771
819, 1.61004, 0.259, 1019016
820, 1.62977, 0.258, 1020260
821, 1.62453, 0.261, 1021505
822, 1.62895, 0.26, 1022749
823, 1.61966, 0.258, 1023995
824, 1.61646, 0.263, 1025239
825, 1.61986, 0.264, 1026484
826, 1.62068, 0.264, 1027729
827, 1.60138, 0.269, 1028973
828, 1.59872, 0.265, 1030218
829, 1.60962, 0.26, 1031463
830, 1.59304, 0.26, 1032707
831, 1.58605, 0.263, 1033952
832, 1.60231, 0.259, 1035197
833, 1.58158, 0.263, 1036441
834, 1.57058, 0.26, 1037686
835, 1.57727, 0.254, 1038931
836, 1.57617, 0.252, 1040176
837, 1.56369, 0.254, 1041420
838, 1.5663, 0.251, 1042665
839, 1.56417, 0.256, 1043910
840, 1.57197, 0.258, 1045155
841, 1.58343, 0.26, 1046399
842, 1.57982, 0.261, 1047644
843, 1.58089, 0.264, 1048888
844, 1.56881, 0.261, 1050133
845, 1.59897, 0.267, 1051378
846, 1.58224, 0.264, 1052622
847, 1.5777, 0.265, 1053867
848, 1.5944, 0.264, 1055112
849, 1.60458, 0.266, 1056356
850, 1.60067, 0.262, 1057601
851, 1.59503, 0.261, 1058845
852, 1.60892, 0.264, 1060090
853, 1.5958, 0.261, 1061335
854, 1.60298, 0.263, 1062579
855, 1.58276, 0.261, 1063824
856, 1.58607, 0.261, 1065069
857, 1.57389, 0.258, 1066316
858, 1.5738, 0.256, 1067560
859, 1.55813, 0.249, 1068805
860, 1.55935, 0.254, 1070050
861, 1.57172, 0.256, 1071294
862, 1.55608, 0.25, 1072539
863, 1.56139, 0.252, 1073783
864, 1.56012, 0.253, 1075028
865, 1.56955, 0.253, 1076273
866, 1.57611, 0.258, 1077517
867, 1.57705, 0.257, 1078765
868, 1.57955, 0.255, 1080009
869, 1.57747, 0.253, 1081254
870, 1.58102, 0.255, 1082498
871, 1.58815, 0.254, 1083746
872, 1.58163, 0.254, 1084990
873, 1.57419, 0.254, 1086235
874, 1.56338, 0.25, 1087480
875, 1.56217, 0.252, 1088724
876, 1.56975, 0.251, 1089969
877, 1.54374, 0.245, 1091214
878, 1.54128, 0.245, 1092458
879, 1.53953, 0.245, 1093703
880, 1.55004, 0.247, 1094948
881, 1.55404, 0.247, 1096192
882, 1.52197, 0.245, 1097437
883, 1.52285, 0.248, 1098682
884, 1.51129, 0.237, 1099926
885, 1.51241, 0.239, 1101171
886, 1.50184, 0.241, 1102416
887, 1.51384, 0.244, 1103661
888, 1.52558, 0.241, 1104905
889, 1.52858, 0.241, 1106150
890, 1.52068, 0.245, 1107395
891, 1.52866, 0.251, 1108639
892, 1.52632, 0.246, 1109884
893, 1.55265, 0.254, 1111129
894, 1.53834, 0.243, 1112374
895, 1.5446, 0.252, 1113619
896, 1.53061, 0.251, 1114865
897, 1.54151, 0.245, 1116110
898, 1.53737, 0.247, 1117355
899, 1.51952, 0.24, 1118600
900, 1.5191, 0.24, 1119844
901, 1.53729, 0.242, 1121089
902, 1.53574, 0.238, 1122334
903, 1.52849, 0.245, 1123579
904, 1.53241, 0.245, 1124823
905, 1.51951, 0.249, 1126068
906, 1.51642, 0.245, 1127313
907, 1.51231, 0.245, 1128558
908, 1.518, 0.249, 1129802
909, 1.52835, 0.248, 1131047
910, 1.53207, 0.251, 1132292
911, 1.54123, 0.253, 1133537
912, 1.55286, 0.252, 1134783
913, 1.54764, 0.249, 1136028
914, 1.54461, 0.252, 1137273
915, 1.54058, 0.25, 1138518
916, 1.55762, 0.252, 1139763
917, 1.53523, 0.255, 1141008
918, 1.5603, 0.254, 1142253
919, 1.54443, 0.253, 1143499
920, 1.52827, 0.254, 1144744
921, 1.52709, 0.251, 1145989
922, 1.51645, 0.245, 1147235
923, 1.52171, 0.245, 1148480
924, 1.51475, 0.246, 1149725
925, 1.52799, 0.248, 1150970
926, 1.53286, 0.25, 1152215
927, 1.53924, 0.248, 1153460
928, 1.53898, 0.251, 1154705
929, 1.55306, 0.251, 1155950
930, 1.54427, 0.248, 1157195
931, 1.54648, 0.251, 1158441
932, 1.54999, 0.253, 1159686
933, 1.55587, 0.252, 1160931
934, 1.54986, 0.249, 1162176
935, 1.55006, 0.245, 1163421
936, 1.5498, 0.251, 1164666
937, 1.56061, 0.257, 1165911
938, 1.56906, 0.254, 1167156
939, 1.5677, 0.253, 1168401
940, 1.55517, 0.255, 1169646
941, 1.55985, 0.261, 1170892
942, 1.53798, 0.254, 1172137
943, 1.55852, 0.261, 1173382
944, 1.54728, 0.256, 1174627
945, 1.55279, 0.255, 1175872
946, 1.5411, 0.258, 1177117
947, 1.54197, 0.254, 1178363
948, 1.53756, 0.25, 1179608
949, 1.54217, 0.256, 1180853
950, 1.53436, 0.253, 1182098
951, 1.54706, 0.256, 1183343
952, 1.54125, 0.26, 1184589
953, 1.54684, 0.259, 1185834
954, 1.54587, 0.259, 1187079
955, 1.53672, 0.259, 1188324
956, 1.54466, 0.261, 1189569
957, 1.55161, 0.255, 1190814
958, 1.57438, 0.261, 1192059
959, 1.57449, 0.255, 1193305
960, 1.58669, 0.261, 1194550
961, 1.58525, 0.257, 1195795
962, 1.57646, 0.251, 1197040
963, 1.5776, 0.257, 1198285
964, 1.5689, 0.255, 1199531
965, 1.57483, 0.255, 1200776
966, 1.59681, 0.257, 1202021
967, 1.58848, 0.258, 1203266
968, 1.58937, 0.258, 1204512
969, 1.61184, 0.259, 1205758
970, 1.60721, 0.266, 1207003
971, 1.6015, 0.261, 1208248
972, 1.57859, 0.261, 1209493
973, 1.58417, 0.262, 1210738
974, 1.58506, 0.264, 1211983
975, 1.58739, 0.259, 1213228
976, 1.58268, 0.258, 1214474
977, 1.57939, 0.261, 1215719
978, 1.59376, 0.264, 1216964
979, 1.5817, 0.261, 1218209
980, 1.56594, 0.258, 1219454
981, 1.57605, 0.259, 1220699
982, 1.56375, 0.258, 1221944
983, 1.56592, 0.256, 1223190
984, 1.56127, 0.258, 1224435
985, 1.57286, 0.258, 1225680
986, 1.56576, 0.258, 1226925
987, 1.58983, 0.261, 1228170
988, 1.59183, 0.254, 1229415
989, 1.57778, 0.255, 1230660
990, 1.59336, 0.256, 1231905
991, 1.59929, 0.255, 1233150
992, 1.5799, 0.25, 1234395
993, 1.59847, 0.257, 1235640
994, 1.62199, 0.258, 1236885
995, 1.6072, 0.249, 1238131
996, 1.60692, 0.253, 1239376
997, 1.60872, 0.254, 1240621
998, 1.61524, 0.258, 1241866
999, 1.60976, 0.256, 1243111
1000, 1.62537, 0.263, 1244356
