epoch, cross_entropy, error, time
1, 39.0687, 0.917, 1222
2, 6.91579, 0.553, 3709
3, 5.1703, 0.431, 6196
4, 4.71161, 0.383, 8681
5, 4.54491, 0.344, 11166
6, 4.09851, 0.307, 13652
7, 4.14278, 0.312, 16139
8, 4.01059, 0.29, 18626
9, 3.55225, 0.27, 21111
10, 3.46009, 0.264, 23597
11, 4.1594, 0.33, 26082
12, 4.00462, 0.326, 28567
13, 3.68624, 0.28, 31052
14, 3.67042, 0.28, 33538
15, 3.57991, 0.282, 36023
16, 4.25198, 0.325, 38512
17, 4.09306, 0.3, 40997
18, 4.06616, 0.306, 43482
19, 4.05983, 0.301, 45967
20, 3.78317, 0.271, 48453
21, 3.79018, 0.27, 50938
22, 3.23473, 0.221, 53426
23, 3.23401, 0.216, 55913
24, 3.22864, 0.212, 58399
25, 3.21276, 0.216, 60884
26, 3.58909, 0.249, 63370
27, 3.78105, 0.269, 65857
28, 4.01889, 0.294, 68344
29, 3.82249, 0.28, 70831
30, 3.50287, 0.252, 73319
31, 3.57541, 0.243, 75806
32, 3.55651, 0.247, 78293
33, 3.24549, 0.226, 80782
34, 3.29768, 0.231, 83270
35, 3.38286, 0.24, 85760
36, 3.01588, 0.223, 88247
37, 3.13156, 0.212, 90735
38, 2.90461, 0.203, 93223
39, 2.87972, 0.197, 95710
40, 3.03886, 0.229, 98197
41, 3.11975, 0.221, 100686
42, 3.39173, 0.236, 103174
43, 3.03364, 0.199, 105661
44, 3.06621, 0.189, 108148
45, 3.13113, 0.209, 110635
46, 3.13162, 0.217, 113124
47, 3.15883, 0.204, 115612
48, 3.4206, 0.239, 118098
49, 3.44246, 0.246, 120584
50, 3.61641, 0.258, 123069
51, 3.49417, 0.25, 125555
52, 3.35389, 0.242, 128041
53, 3.61969, 0.254, 130528
54, 3.42489, 0.239, 133013
55, 3.52765, 0.256, 135499
56, 3.77676, 0.268, 137986
57, 3.28984, 0.214, 140472
58, 3.01391, 0.194, 142957
59, 2.96459, 0.203, 145444
60, 2.94183, 0.185, 147931
61, 3.39685, 0.199, 150417
62, 3.21687, 0.206, 152902
63, 3.26037, 0.21, 155389
64, 3.01599, 0.186, 157875
65, 3.18484, 0.21, 160367
66, 2.77627, 0.188, 162853
67, 2.99665, 0.199, 165339
68, 2.99165, 0.201, 167826
69, 2.99829, 0.21, 170311
70, 3.42161, 0.233, 172801
71, 3.59698, 0.251, 175288
72, 3.97103, 0.274, 177773
73, 4.13383, 0.287, 180259
74, 4.1143, 0.292, 182745
75, 3.82602, 0.275, 185232
76, 3.89746, 0.278, 187718
77, 3.95927, 0.267, 190205
78, 3.59565, 0.254, 192691
79, 3.72522, 0.257, 195177
80, 3.59051, 0.238, 197664
81, 3.31706, 0.227, 200150
82, 3.37657, 0.228, 202636
83, 3.26234, 0.231, 205122
84, 3.26177, 0.225, 207608
85, 3.1186, 0.219, 210094
86, 3.27886, 0.218, 212580
87, 3.33629, 0.218, 215065
88, 3.00691, 0.213, 217552
89, 3.04781, 0.206, 220037
90, 3.12824, 0.22, 222524
91, 3.13308, 0.232, 225009
92, 3.20133, 0.23, 227495
93, 3.30933, 0.228, 229981
94, 3.20293, 0.218, 232467
95, 3.19192, 0.226, 234953
96, 3.482, 0.246, 237439
97, 3.45742, 0.239, 239925
98, 3.34342, 0.24, 242410
99, 3.65221, 0.268, 244895
100, 3.74937, 0.262, 247381
101, 3.61828, 0.25, 249867
102, 3.42069, 0.231, 252353
103, 3.23125, 0.227, 254839
104, 3.57522, 0.241, 257326
105, 3.41364, 0.246, 259812
106, 3.61717, 0.247, 262298
107, 3.6457, 0.261, 264783
108, 3.62237, 0.245, 267269
109, 3.38334, 0.237, 269756
110, 3.50066, 0.225, 272243
111, 3.46763, 0.235, 274728
112, 3.2985, 0.22, 277214
113, 3.6028, 0.235, 279699
114, 3.34114, 0.226, 282184
115, 3.50051, 0.234, 284670
116, 3.3362, 0.217, 287155
117, 3.31729, 0.213, 289640
118, 3.38683, 0.221, 292127
119, 3.52258, 0.241, 294613
120, 3.60061, 0.232, 297098
121, 3.53863, 0.232, 299584
122, 3.75392, 0.242, 302069
123, 3.60832, 0.244, 304556
124, 3.71722, 0.252, 307042
125, 3.36838, 0.238, 309528
126, 3.48551, 0.237, 312013
127, 3.21223, 0.214, 314498
128, 3.42943, 0.221, 316982
129, 3.27391, 0.225, 319466
130, 3.36474, 0.231, 321949
131, 3.15828, 0.215, 324432
132, 3.02089, 0.204, 326915
133, 3.16713, 0.219, 329398
134, 3.31932, 0.214, 331881
135, 3.22602, 0.213, 334364
136, 3.26692, 0.219, 336848
137, 3.35559, 0.215, 339333
138, 3.18721, 0.219, 341818
139, 3.25575, 0.214, 344302
140, 3.34035, 0.228, 346786
141, 3.23174, 0.216, 349272
142, 3.28668, 0.214, 351757
143, 3.33455, 0.222, 354241
144, 3.32364, 0.222, 356725
145, 3.1541, 0.208, 359210
146, 3.12029, 0.209, 361693
147, 3.15089, 0.197, 364178
148, 3.30187, 0.226, 366665
149, 3.36061, 0.22, 369149
150, 3.35307, 0.219, 371634
151, 3.21721, 0.208, 374118
152, 3.19301, 0.208, 376603
153, 3.03981, 0.204, 379087
154, 3.26218, 0.206, 381573
155, 3.30632, 0.209, 384056
156, 3.02066, 0.199, 386540
157, 3.20817, 0.212, 389023
158, 3.33371, 0.22, 391506
159, 3.3299, 0.208, 393992
160, 3.17161, 0.202, 396475
161, 3.2175, 0.209, 398960
162, 3.07591, 0.2, 401447
163, 3.25002, 0.203, 403935
164, 3.23163, 0.213, 406422
165, 3.34183, 0.219, 408905
166, 3.38849, 0.221, 411390
167, 3.35237, 0.212, 413877
168, 3.38505, 0.233, 416361
169, 3.43348, 0.235, 418844
170, 3.46418, 0.233, 421328
171, 3.69518, 0.239, 423811
172, 3.69931, 0.246, 426295
173, 3.82622, 0.256, 428778
174, 3.87209, 0.253, 431261
175, 3.70209, 0.246, 433744
176, 3.79028, 0.251, 436227
177, 3.68718, 0.254, 438711
178, 3.91706, 0.256, 441194
179, 3.96107, 0.267, 443679
180, 3.98037, 0.286, 446163
181, 4.19053, 0.285, 448651
182, 4.16358, 0.292, 451137
183, 3.8891, 0.26, 453622
184, 4.00825, 0.277, 456106
185, 3.94301, 0.272, 458590
186, 3.75501, 0.261, 461073
187, 3.60341, 0.257, 463560
188, 3.67941, 0.263, 466044
189, 3.59954, 0.245, 468528
190, 3.56395, 0.252, 471016
191, 3.60387, 0.249, 473502
192, 3.48171, 0.249, 475987
193, 3.52972, 0.25, 478474
194, 3.38731, 0.243, 480959
195, 3.4614, 0.242, 483443
196, 3.56774, 0.244, 485926
197, 3.35813, 0.24, 488412
198, 3.57964, 0.262, 490898
199, 3.57969, 0.239, 493382
200, 3.63841, 0.251, 495865
201, 3.76413, 0.26, 498349
202, 3.62973, 0.254, 500832
203, 3.60067, 0.258, 503316
204, 3.60296, 0.251, 505799
205, 3.67193, 0.246, 508282
206, 3.66597, 0.256, 510765
207, 3.51956, 0.254, 513248
208, 3.45463, 0.248, 515731
209, 3.48644, 0.254, 518214
210, 3.58997, 0.254, 520697
211, 3.45101, 0.245, 523181
212, 3.44794, 0.241, 525664
213, 3.54926, 0.246, 528147
214, 3.48716, 0.243, 530630
215, 3.2721, 0.236, 533114
216, 3.44357, 0.247, 535598
217, 3.4577, 0.24, 538081
218, 3.44085, 0.243, 540565
219, 3.37033, 0.253, 543048
220, 3.40315, 0.235, 545531
221, 3.31826, 0.238, 548014
222, 3.37649, 0.241, 550498
223, 3.44595, 0.241, 552982
224, 3.24234, 0.223, 555465
225, 3.0488, 0.212, 557949
226, 3.13423, 0.223, 560433
227, 3.21176, 0.224, 562917
228, 3.25536, 0.234, 565401
229, 3.19289, 0.219, 567887
230, 3.19096, 0.23, 570371
231, 3.17227, 0.223, 572854
232, 3.06677, 0.226, 575338
233, 3.13925, 0.223, 577821
234, 3.24051, 0.227, 580305
235, 3.09626, 0.214, 582787
236, 3.26773, 0.231, 585272
237, 3.33094, 0.229, 587756
238, 3.3116, 0.226, 590241
239, 3.19202, 0.227, 592727
240, 3.23272, 0.228, 595211
241, 3.32576, 0.234, 597694
242, 3.2073, 0.237, 600179
243, 3.42798, 0.244, 602662
244, 3.35462, 0.242, 605146
245, 3.33992, 0.237, 607629
246, 3.36407, 0.239, 610113
247, 3.3783, 0.232, 612597
248, 3.24385, 0.224, 615081
249, 3.2538, 0.23, 617565
250, 3.27103, 0.23, 620049
251, 3.14545, 0.229, 622533
252, 3.11355, 0.225, 625017
253, 3.17555, 0.218, 627501
254, 3.15672, 0.224, 629986
255, 3.27049, 0.233, 632470
256, 3.35566, 0.232, 634955
257, 3.27875, 0.225, 637438
258, 3.24801, 0.211, 639922
259, 3.21829, 0.221, 642407
260, 3.22958, 0.22, 644891
261, 3.15912, 0.227, 647374
262, 3.16174, 0.217, 649858
263, 3.39231, 0.226, 652343
264, 3.26689, 0.223, 654828
265, 3.2095, 0.228, 657311
266, 3.23873, 0.229, 659796
267, 3.13193, 0.213, 662280
268, 3.27574, 0.235, 664764
269, 3.40771, 0.233, 667248
270, 3.3105, 0.235, 669732
271, 3.28041, 0.233, 672216
272, 3.13984, 0.229, 674701
273, 3.35987, 0.236, 677184
274, 3.10666, 0.215, 679668
275, 3.32338, 0.24, 682153
276, 3.23644, 0.231, 684636
277, 3.1759, 0.22, 687119
278, 3.22353, 0.227, 689602
279, 3.33974, 0.241, 692087
280, 3.36282, 0.243, 694571
281, 3.27699, 0.234, 697055
282, 3.20478, 0.237, 699540
283, 3.32452, 0.226, 702023
284, 3.24985, 0.226, 704507
285, 3.42512, 0.23, 706991
286, 3.31929, 0.227, 709475
287, 3.43293, 0.236, 711960
288, 3.39356, 0.235, 714444
289, 3.15372, 0.228, 716928
290, 3.27094, 0.233, 719413
291, 3.18309, 0.223, 721897
292, 3.30739, 0.23, 724380
293, 3.11972, 0.218, 726873
294, 3.19473, 0.221, 729357
295, 3.34542, 0.228, 731840
296, 3.21626, 0.219, 734323
297, 3.15191, 0.214, 736806
298, 3.0672, 0.202, 739290
299, 3.13291, 0.215, 741773
300, 3.19408, 0.216, 744257
301, 3.09751, 0.203, 746740
302, 3.24231, 0.223, 749224
303, 3.1028, 0.206, 751707
304, 3.13714, 0.203, 754191
305, 3.04247, 0.211, 756674
306, 3.19308, 0.208, 759158
307, 3.06904, 0.188, 761641
308, 3.12057, 0.218, 764125
309, 3.0974, 0.214, 766608
310, 3.19763, 0.216, 769091
311, 3.01748, 0.203, 771576
312, 2.77875, 0.189, 774059
313, 2.80604, 0.192, 776543
314, 2.84218, 0.191, 779026
315, 2.91923, 0.196, 781509
316, 2.93418, 0.2, 783992
317, 2.99012, 0.204, 786476
318, 3.07518, 0.202, 788959
319, 2.9854, 0.188, 791443
320, 2.99966, 0.197, 793927
321, 3.03099, 0.203, 796410
322, 2.97268, 0.207, 798894
323, 3.01827, 0.198, 801377
324, 3.01277, 0.202, 803860
325, 2.97061, 0.193, 806344
326, 2.98198, 0.186, 808827
327, 2.93049, 0.195, 811310
328, 2.89082, 0.184, 813794
329, 2.96509, 0.189, 816277
330, 2.99403, 0.194, 818760
331, 2.87022, 0.189, 821243
332, 2.91473, 0.192, 823726
333, 3.00047, 0.195, 826210
334, 2.83585, 0.183, 828693
335, 2.86231, 0.18, 831176
336, 2.90034, 0.187, 833660
337, 3.00576, 0.197, 836143
338, 2.95502, 0.187, 838627
339, 2.9968, 0.186, 841110
340, 2.85302, 0.18, 843593
341, 2.7293, 0.172, 846077
342, 2.79425, 0.178, 848560
343, 2.78496, 0.18, 851043
344, 2.72531, 0.176, 853527
345, 2.72302, 0.177, 856010
346, 2.75301, 0.177, 858494
347, 2.60745, 0.177, 860977
348, 2.85699, 0.178, 863461
349, 2.77435, 0.181, 865944
350, 2.76279, 0.189, 868428
351, 2.8149, 0.174, 870911
352, 2.78961, 0.181, 873395
353, 2.94907, 0.185, 875878
354, 2.88322, 0.188, 878361
355, 2.95262, 0.185, 880845
356, 2.94008, 0.187, 883328
357, 2.78706, 0.178, 885812
358, 2.69928, 0.173, 888295
359, 2.85395, 0.187, 890779
360, 2.89485, 0.195, 893263
361, 2.73429, 0.184, 895746
362, 2.66504, 0.178, 898230
363, 2.53148, 0.168, 900714
364, 2.6999, 0.174, 903197
365, 2.67844, 0.181, 905681
366, 2.90283, 0.177, 908164
367, 2.67264, 0.173, 910647
368, 2.7537, 0.178, 913131
369, 2.72444, 0.173, 915614
370, 2.74489, 0.182, 918098
371, 2.6256, 0.168, 920581
372, 2.91835, 0.183, 923065
373, 2.89833, 0.193, 925549
374, 2.86543, 0.188, 928032
375, 2.81029, 0.187, 930515
376, 2.95328, 0.201, 932998
377, 2.92237, 0.192, 935482
378, 2.92283, 0.188, 937966
379, 2.86578, 0.187, 940449
380, 2.99922, 0.193, 942932
381, 2.92972, 0.195, 945416
382, 2.89824, 0.192, 947899
383, 3.04813, 0.2, 950383
384, 2.98927, 0.181, 952867
385, 3.05521, 0.193, 955351
386, 3.03756, 0.19, 957834
387, 3.04632, 0.19, 960318
388, 2.96205, 0.199, 962801
389, 3.00808, 0.19, 965283
390, 2.92316, 0.194, 967765
391, 2.77914, 0.19, 970247
392, 2.94451, 0.185, 972729
393, 2.88804, 0.193, 975210
394, 2.85837, 0.191, 977692
395, 2.96381, 0.201, 980174
396, 2.92579, 0.173, 982655
397, 3.1082, 0.189, 985137
398, 3.12887, 0.202, 987619
399, 3.01484, 0.2, 990100
400, 3.1266, 0.194, 992582
401, 3.13444, 0.201, 995064
402, 3.08061, 0.198, 997546
403, 3.22712, 0.21, 1000027
404, 3.01319, 0.199, 1002509
405, 3.30271, 0.209, 1004991
406, 3.40458, 0.216, 1007473
407, 3.26184, 0.214, 1009954
408, 3.35088, 0.214, 1012437
409, 3.20608, 0.198, 1014919
410, 3.015, 0.201, 1017401
411, 3.0757, 0.195, 1019882
412, 3.07654, 0.207, 1022364
413, 3.2007, 0.211, 1024848
414, 3.23425, 0.204, 1027335
415, 3.09668, 0.204, 1029816
416, 3.04975, 0.206, 1032298
417, 3.25198, 0.214, 1034780
418, 3.10381, 0.211, 1037261
419, 3.16206, 0.2, 1039743
420, 3.20873, 0.206, 1042225
421, 3.11928, 0.206, 1044706
422, 3.17436, 0.213, 1047188
423, 3.16188, 0.207, 1049670
424, 3.11879, 0.198, 1052151
425, 3.2071, 0.203, 1054633
426, 3.1007, 0.194, 1057115
427, 3.08939, 0.201, 1059597
428, 3.03775, 0.19, 1062078
429, 3.04089, 0.188, 1064560
430, 3.08237, 0.186, 1067042
431, 2.99824, 0.19, 1069524
432, 3.10951, 0.197, 1072006
433, 2.99229, 0.197, 1074488
434, 2.98452, 0.196, 1076970
435, 2.89686, 0.181, 1079452
436, 2.82861, 0.194, 1081934
437, 2.97772, 0.193, 1084416
438, 2.95578, 0.193, 1086898
439, 2.89838, 0.187, 1089380
440, 2.80701, 0.17, 1091862
441, 2.71014, 0.176, 1094343
442, 2.76651, 0.169, 1096826
443, 2.63911, 0.178, 1099308
444, 2.80462, 0.192, 1101790
445, 2.92824, 0.185, 1104271
446, 2.83197, 0.183, 1106753
447, 2.73119, 0.177, 1109235
448, 2.72469, 0.181, 1111716
449, 2.72897, 0.178, 1114198
450, 2.72467, 0.179, 1116680
451, 2.791, 0.185, 1119162
452, 2.80888, 0.178, 1121644
453, 2.78422, 0.189, 1124125
454, 2.80754, 0.185, 1126607
455, 2.75362, 0.181, 1129089
456, 2.83847, 0.179, 1131572
457, 2.71928, 0.163, 1134054
458, 2.55196, 0.167, 1136536
459, 2.54651, 0.153, 1139017
460, 2.50693, 0.164, 1141499
461, 2.49178, 0.166, 1143981
462, 2.6059, 0.165, 1146462
463, 2.66267, 0.167, 1148944
464, 2.62237, 0.167, 1151425
465, 2.82161, 0.177, 1153907
466, 2.66145, 0.172, 1156389
467, 2.69334, 0.178, 1158870
468, 2.7014, 0.168, 1161352
469, 2.82706, 0.175, 1163833
470, 2.83283, 0.184, 1166315
471, 2.76953, 0.182, 1168797
472, 2.89779, 0.187, 1171278
473, 2.90233, 0.186, 1173760
474, 2.92809, 0.195, 1176241
475, 2.99324, 0.19, 1178723
476, 2.91925, 0.193, 1181205
477, 2.99282, 0.193, 1183686
478, 3.12847, 0.208, 1186168
479, 3.20844, 0.213, 1188650
480, 3.15036, 0.204, 1191131
481, 3.05354, 0.203, 1193614
482, 3.01185, 0.206, 1196096
483, 3.11508, 0.202, 1198577
484, 3.034, 0.193, 1201059
485, 2.87362, 0.199, 1203541
486, 2.99541, 0.196, 1206023
487, 3.03913, 0.207, 1208505
488, 3.00361, 0.187, 1210987
489, 3.09915, 0.203, 1213469
490, 2.93852, 0.203, 1215951
491, 2.952, 0.19, 1218433
492, 2.92479, 0.194, 1220915
493, 3.0156, 0.196, 1223397
494, 2.94523, 0.193, 1225879
495, 2.96972, 0.192, 1228360
496, 2.86539, 0.177, 1230842
497, 2.8597, 0.184, 1233324
498, 2.74165, 0.179, 1235806
499, 2.71018, 0.17, 1238288
500, 2.86366, 0.187, 1240770
501, 2.6712, 0.182, 1243252
502, 2.7251, 0.185, 1245734
503, 2.75822, 0.182, 1248216
504, 2.70562, 0.181, 1250697
505, 2.71525, 0.177, 1253180
506, 2.72268, 0.184, 1255663
507, 2.82312, 0.182, 1258144
508, 2.91059, 0.179, 1260626
509, 2.98727, 0.195, 1263108
510, 2.94915, 0.198, 1265590
511, 2.86001, 0.196, 1268072
512, 2.93716, 0.183, 1270554
513, 2.91047, 0.194, 1273037
514, 2.73117, 0.185, 1275519
515, 2.78075, 0.177, 1278001
516, 2.64, 0.172, 1280483
517, 2.77402, 0.177, 1282965
518, 2.74362, 0.177, 1285447
519, 2.74646, 0.168, 1287928
520, 2.83934, 0.181, 1290410
521, 2.78894, 0.169, 1292892
522, 2.87734, 0.182, 1295374
523, 2.90356, 0.171, 1297856
524, 2.94035, 0.195, 1300337
525, 2.88592, 0.188, 1302819
526, 2.7107, 0.173, 1305301
527, 2.80534, 0.18, 1307783
528, 2.77134, 0.172, 1310265
529, 2.59281, 0.161, 1312747
530, 2.5971, 0.163, 1315229
531, 2.6814, 0.163, 1317711
532, 2.57131, 0.165, 1320193
533, 2.65561, 0.161, 1322675
534, 2.57548, 0.165, 1325157
535, 2.54673, 0.158, 1327638
536, 2.62115, 0.164, 1330120
537, 2.55668, 0.167, 1332602
538, 2.71651, 0.178, 1335084
539, 2.81047, 0.172, 1337566
540, 2.57627, 0.161, 1340048
541, 2.72097, 0.176, 1342530
542, 2.79514, 0.169, 1345012
543, 2.8362, 0.177, 1347493
544, 2.83892, 0.171, 1349975
545, 2.88135, 0.186, 1352457
546, 2.79529, 0.176, 1354939
547, 2.88223, 0.185, 1357422
548, 2.75854, 0.178, 1359904
549, 2.96662, 0.187, 1362387
550, 2.77296, 0.181, 1364869
551, 2.91327, 0.18, 1367352
552, 2.8287, 0.176, 1369834
553, 2.78018, 0.182, 1372318
554, 2.70473, 0.178, 1374800
555, 2.87374, 0.18, 1377283
556, 2.82374, 0.18, 1379766
557, 2.86525, 0.179, 1382248
558, 2.90722, 0.189, 1384731
559, 2.88555, 0.18, 1387213
560, 3.00194, 0.179, 1389696
561, 2.99529, 0.181, 1392178
562, 3.01858, 0.173, 1394659
563, 2.9246, 0.175, 1397142
564, 2.88481, 0.179, 1399624
565, 2.92721, 0.192, 1402106
566, 2.89088, 0.176, 1404588
567, 2.91809, 0.186, 1407069
568, 3.05728, 0.192, 1409551
569, 3.13284, 0.193, 1412033
570, 3.11905, 0.187, 1414515
571, 3.14191, 0.201, 1416997
572, 3.03027, 0.186, 1419479
573, 3.05823, 0.191, 1421961
574, 3.20963, 0.192, 1424443
575, 3.05584, 0.185, 1426924
576, 3.16626, 0.195, 1429407
577, 3.12121, 0.194, 1431890
578, 3.02415, 0.186, 1434371
579, 3.02891, 0.182, 1436853
580, 3.10705, 0.195, 1439335
581, 3.19517, 0.187, 1441816
582, 3.10401, 0.194, 1444298
583, 3.04284, 0.193, 1446779
584, 3.26165, 0.2, 1449261
585, 3.17712, 0.194, 1451742
586, 3.29527, 0.202, 1454224
587, 3.20048, 0.193, 1456706
588, 3.20303, 0.193, 1459188
589, 3.13722, 0.202, 1461670
590, 3.25484, 0.191, 1464151
591, 3.14545, 0.196, 1466633
592, 3.23239, 0.199, 1469115
593, 3.29293, 0.203, 1471597
594, 3.1792, 0.201, 1474078
595, 3.04969, 0.186, 1476560
596, 3.24497, 0.198, 1479042
597, 3.20181, 0.195, 1481523
598, 3.03306, 0.189, 1484005
599, 3.17228, 0.192, 1486486
600, 3.17414, 0.193, 1488968
601, 3.19127, 0.2, 1491449
602, 3.20466, 0.192, 1493932
603, 3.09647, 0.185, 1496413
604, 2.98844, 0.175, 1498895
605, 3.03569, 0.182, 1501377
606, 3.14398, 0.195, 1503859
607, 3.2183, 0.189, 1506340
608, 3.04829, 0.189, 1508822
609, 3.1981, 0.196, 1511304
610, 3.15253, 0.188, 1513785
611, 3.20613, 0.194, 1516268
612, 3.0972, 0.184, 1518749
613, 2.91007, 0.177, 1521231
614, 2.97794, 0.188, 1523712
615, 2.88542, 0.184, 1526194
616, 2.88399, 0.184, 1528684
617, 2.94887, 0.184, 1531166
618, 3.11375, 0.181, 1533648
619, 2.89764, 0.184, 1536130
620, 2.82457, 0.17, 1538611
621, 2.90201, 0.181, 1541093
622, 2.81928, 0.177, 1543575
623, 3.01316, 0.183, 1546056
624, 2.72791, 0.169, 1548538
625, 2.89367, 0.179, 1551020
626, 2.69935, 0.17, 1553503
627, 2.85992, 0.173, 1555985
628, 2.72578, 0.169, 1558466
629, 2.762, 0.171, 1560948
630, 2.74161, 0.17, 1563429
631, 2.84746, 0.165, 1565911
632, 2.8176, 0.176, 1568393
633, 2.66147, 0.171, 1570875
634, 2.91787, 0.171, 1573356
635, 2.88773, 0.174, 1575838
636, 2.88839, 0.179, 1578320
637, 2.76171, 0.166, 1580802
638, 2.74634, 0.178, 1583284
639, 2.92159, 0.178, 1585766
640, 2.97601, 0.171, 1588248
641, 2.95415, 0.167, 1590729
642, 3.00167, 0.174, 1593211
643, 3.04995, 0.177, 1595693
644, 2.87315, 0.171, 1598174
645, 2.92185, 0.178, 1600656
646, 3.08889, 0.181, 1603138
647, 2.98754, 0.175, 1605620
648, 2.84692, 0.172, 1608101
649, 2.87392, 0.179, 1610583
650, 2.84513, 0.181, 1613066
651, 2.81942, 0.172, 1615548
652, 2.89309, 0.166, 1618029
653, 2.74015, 0.166, 1620511
654, 2.8875, 0.17, 1622993
655, 2.83589, 0.183, 1625475
656, 2.76324, 0.173, 1627957
657, 2.94015, 0.178, 1630438
658, 2.80782, 0.174, 1632920
659, 2.76332, 0.17, 1635402
660, 2.85304, 0.173, 1637884
661, 2.66286, 0.171, 1640366
662, 2.68701, 0.158, 1642848
663, 2.61119, 0.155, 1645329
664, 2.77689, 0.178, 1647811
665, 2.80782, 0.169, 1650293
666, 2.77585, 0.17, 1652775
667, 2.80505, 0.175, 1655257
668, 2.71813, 0.17, 1657739
669, 2.77791, 0.174, 1660220
670, 2.71994, 0.17, 1662702
671, 2.70132, 0.167, 1665184
672, 2.72608, 0.173, 1667665
673, 2.64234, 0.161, 1670147
674, 2.69499, 0.163, 1672630
675, 2.75982, 0.161, 1675111
676, 2.61655, 0.162, 1677593
677, 2.64214, 0.167, 1680075
678, 2.59663, 0.164, 1682556
679, 2.62998, 0.164, 1685038
680, 2.73189, 0.175, 1687520
681, 2.75405, 0.171, 1690002
682, 2.665, 0.169, 1692483
683, 2.68321, 0.169, 1694965
684, 2.67496, 0.166, 1697447
685, 2.82572, 0.179, 1699929
686, 2.88053, 0.182, 1702411
687, 2.8614, 0.185, 1704893
688, 2.91429, 0.183, 1707375
689, 2.93198, 0.19, 1709857
690, 3.05876, 0.198, 1712339
691, 2.88726, 0.181, 1714820
692, 3.08778, 0.188, 1717302
693, 2.99241, 0.181, 1719784
694, 3.05192, 0.191, 1722266
695, 3.19389, 0.199, 1724749
696, 3.34758, 0.207, 1727232
697, 3.2775, 0.202, 1729715
698, 3.11825, 0.191, 1732198
699, 3.15725, 0.2, 1734683
700, 3.17277, 0.204, 1737167
701, 3.24127, 0.2, 1739650
702, 3.35689, 0.208, 1742133
703, 3.32256, 0.207, 1744616
704, 3.45665, 0.211, 1747099
705, 3.12864, 0.199, 1749582
706, 3.23171, 0.201, 1752066
707, 3.31996, 0.211, 1754548
708, 2.99791, 0.198, 1757031
709, 3.08923, 0.196, 1759513
710, 3.14846, 0.186, 1761995
711, 3.35919, 0.213, 1764479
712, 3.21496, 0.192, 1766961
713, 3.2574, 0.21, 1769444
714, 3.1738, 0.184, 1771927
715, 3.36702, 0.202, 1774408
716, 3.23661, 0.202, 1776890
717, 3.20208, 0.199, 1779373
718, 3.2623, 0.199, 1781855
719, 3.19585, 0.208, 1784336
720, 3.27976, 0.197, 1786818
721, 3.22227, 0.194, 1789300
722, 3.28946, 0.211, 1791783
723, 3.29427, 0.209, 1794265
724, 3.43771, 0.22, 1796746
725, 3.37865, 0.205, 1799228
726, 3.4695, 0.209, 1801710
727, 3.34571, 0.21, 1804192
728, 3.2943, 0.204, 1806676
729, 3.23287, 0.205, 1809160
730, 3.48105, 0.207, 1811644
731, 3.43366, 0.214, 1814128
732, 3.41874, 0.208, 1816612
733, 3.64776, 0.221, 1819096
734, 3.47005, 0.211, 1821580
735, 3.41391, 0.213, 1824064
736, 3.5387, 0.221, 1826547
737, 3.41579, 0.214, 1829031
738, 3.43746, 0.214, 1831515
739, 3.2957, 0.202, 1833999
740, 3.22418, 0.21, 1836483
741, 3.15004, 0.198, 1838967
742, 3.16648, 0.193, 1841451
743, 3.20664, 0.199, 1843935
744, 3.25294, 0.213, 1846419
745, 3.18559, 0.187, 1848903
746, 3.51193, 0.21, 1851387
747, 3.1699, 0.191, 1853871
748, 3.06574, 0.195, 1856355
749, 3.03043, 0.186, 1858839
750, 3.134, 0.192, 1861323
751, 3.04688, 0.187, 1863807
752, 3.07864, 0.187, 1866291
753, 3.10792, 0.189, 1868774
754, 3.19166, 0.199, 1871258
755, 3.02074, 0.185, 1873741
756, 2.98155, 0.183, 1876223
757, 2.9931, 0.174, 1878705
758, 3.05446, 0.187, 1881187
759, 2.91543, 0.179, 1883669
760, 2.96328, 0.168, 1886151
761, 2.75873, 0.172, 1888633
762, 2.99111, 0.192, 1891115
763, 3.09266, 0.192, 1893597
764, 3.16745, 0.193, 1896079
765, 3.23306, 0.204, 1898561
766, 3.18891, 0.194, 1901043
767, 3.10206, 0.186, 1903524
768, 3.2673, 0.2, 1906006
769, 3.33504, 0.205, 1908488
770, 3.10223, 0.192, 1910969
771, 3.18162, 0.191, 1913452
772, 3.16791, 0.203, 1915934
773, 3.10726, 0.197, 1918415
774, 3.22264, 0.195, 1920897
775, 3.22824, 0.206, 1923379
776, 3.18082, 0.202, 1925861
777, 3.0406, 0.202, 1928342
778, 3.11651, 0.2, 1930824
779, 3.29734, 0.211, 1933306
780, 3.4339, 0.217, 1935788
781, 3.39555, 0.211, 1938270
782, 3.27205, 0.207, 1940752
783, 3.092, 0.197, 1943233
784, 2.9839, 0.195, 1945715
785, 3.13274, 0.2, 1948196
786, 3.15379, 0.196, 1950678
787, 3.23189, 0.202, 1953160
788, 3.13522, 0.214, 1955642
789, 3.1946, 0.211, 1958123
790, 3.19089, 0.201, 1960605
791, 3.2118, 0.207, 1963087
792, 3.25421, 0.206, 1965569
793, 3.39821, 0.221, 1968050
794, 3.35849, 0.218, 1970532
795, 3.06597, 0.202, 1973015
796, 3.31651, 0.218, 1975497
797, 3.34441, 0.22, 1977979
798, 3.42982, 0.224, 1980461
799, 3.37193, 0.212, 1982944
800, 3.20275, 0.205, 1985427
801, 3.43762, 0.204, 1987908
802, 3.31517, 0.208, 1990396
803, 3.55284, 0.223, 1992878
804, 3.50493, 0.219, 1995360
805, 3.61189, 0.232, 1997841
806, 3.69286, 0.232, 2000324
807, 3.54917, 0.222, 2002806
808, 3.48007, 0.224, 2005288
809, 3.50917, 0.22, 2007770
810, 3.33168, 0.208, 2010251
811, 3.63314, 0.223, 2012733
812, 3.69098, 0.222, 2015215
813, 3.67604, 0.231, 2017697
814, 3.62962, 0.228, 2020179
815, 3.69348, 0.219, 2022661
816, 3.65624, 0.231, 2025143
817, 3.70171, 0.228, 2027624
818, 3.9158, 0.235, 2030106
819, 3.59489, 0.222, 2032589
820, 3.80475, 0.233, 2035070
821, 3.67571, 0.226, 2037552
822, 3.81848, 0.237, 2040034
823, 3.7763, 0.234, 2042516
824, 3.74118, 0.236, 2044998
825, 3.62464, 0.217, 2047480
826, 3.79152, 0.226, 2049962
827, 3.79219, 0.233, 2052444
828, 3.9038, 0.237, 2054926
829, 3.92844, 0.233, 2057408
830, 3.87413, 0.227, 2059890
831, 3.6936, 0.229, 2062372
832, 3.68366, 0.228, 2064854
833, 3.71996, 0.241, 2067336
834, 3.78527, 0.239, 2069818
835, 3.86121, 0.248, 2072300
836, 3.68428, 0.227, 2074781
837, 3.81515, 0.237, 2077264
838, 3.58229, 0.228, 2079746
839, 3.626, 0.225, 2082228
840, 3.62222, 0.226, 2084710
841, 3.47738, 0.221, 2087192
842, 3.62943, 0.225, 2089674
843, 3.45685, 0.203, 2092156
844, 3.33008, 0.205, 2094638
845, 3.37411, 0.206, 2097120
846, 3.31494, 0.201, 2099602
847, 3.43243, 0.214, 2102084
848, 3.30179, 0.205, 2104566
849, 3.36076, 0.208, 2107047
850, 3.46424, 0.196, 2109529
851, 3.19263, 0.2, 2112011
852, 3.25819, 0.196, 2114493
853, 3.13759, 0.193, 2116975
854, 3.07864, 0.194, 2119457
855, 3.16703, 0.195, 2121939
856, 3.19761, 0.202, 2124421
857, 3.24362, 0.2, 2126903
858, 3.0981, 0.196, 2129385
859, 3.18318, 0.19, 2131867
860, 3.30546, 0.194, 2134348
861, 3.14967, 0.197, 2136830
862, 3.29259, 0.196, 2139312
863, 3.36246, 0.208, 2141794
864, 3.22752, 0.196, 2144276
865, 3.23919, 0.205, 2146758
866, 3.40954, 0.207, 2149240
867, 3.22884, 0.198, 2151730
868, 3.34237, 0.202, 2154224
869, 3.39249, 0.202, 2156707
870, 3.23519, 0.205, 2159189
871, 3.40047, 0.21, 2161671
872, 3.61372, 0.212, 2164152
873, 3.45142, 0.203, 2166634
874, 3.32294, 0.204, 2169116
875, 3.41737, 0.216, 2171598
876, 3.33386, 0.203, 2174080
877, 3.45086, 0.214, 2176562
878, 3.34531, 0.205, 2179044
879, 3.36579, 0.209, 2181526
880, 3.38925, 0.207, 2184008
881, 3.26819, 0.197, 2186489
882, 3.2669, 0.194, 2188971
883, 3.3779, 0.196, 2191453
884, 3.27919, 0.206, 2193934
885, 3.27958, 0.197, 2196416
886, 3.31448, 0.186, 2198898
887, 3.41752, 0.193, 2201379
888, 3.34319, 0.187, 2203861
889, 3.34237, 0.209, 2206342
890, 3.34288, 0.197, 2208824
891, 3.32304, 0.191, 2211306
892, 3.31726, 0.192, 2213788
893, 3.51176, 0.208, 2216270
894, 3.34246, 0.192, 2218752
895, 3.17279, 0.188, 2221234
896, 3.28312, 0.185, 2223715
897, 3.42405, 0.21, 2226205
898, 3.46128, 0.197, 2228686
899, 3.56128, 0.204, 2231168
900, 3.43845, 0.207, 2233650
901, 3.56668, 0.209, 2236131
902, 3.58701, 0.213, 2238614
903, 3.51482, 0.212, 2241096
904, 3.44772, 0.215, 2243577
905, 3.56675, 0.213, 2246059
906, 3.58664, 0.212, 2248541
907, 3.56302, 0.203, 2251023
908, 3.49777, 0.221, 2253504
909, 3.81981, 0.227, 2255986
910, 3.69112, 0.225, 2258468
911, 3.67588, 0.229, 2260950
912, 3.76741, 0.234, 2263432
913, 3.82094, 0.236, 2265913
914, 3.6682, 0.231, 2268395
915, 3.63369, 0.223, 2270877
916, 3.71262, 0.231, 2273360
917, 3.68001, 0.231, 2275842
918, 3.56691, 0.223, 2278323
919, 3.5785, 0.224, 2280805
920, 3.59567, 0.231, 2283286
921, 3.61638, 0.23, 2285768
922, 3.59232, 0.219, 2288250
923, 3.6951, 0.227, 2290732
924, 3.57331, 0.213, 2293214
925, 3.68772, 0.214, 2295696
926, 3.55804, 0.21, 2298178
927, 3.55381, 0.204, 2300660
928, 3.61757, 0.215, 2303141
929, 3.56753, 0.215, 2305623
930, 3.47904, 0.203, 2308105
931, 3.32471, 0.201, 2310586
932, 3.30009, 0.192, 2313069
933, 3.4997, 0.218, 2315550
934, 3.40514, 0.212, 2318032
935, 3.25486, 0.187, 2320514
936, 3.44964, 0.202, 2322996
937, 3.37514, 0.196, 2325478
938, 3.26883, 0.199, 2327960
939, 3.38242, 0.191, 2330442
940, 3.23298, 0.195, 2332925
941, 3.27153, 0.193, 2335407
942, 3.22161, 0.192, 2337889
943, 3.46222, 0.206, 2340371
944, 3.20847, 0.201, 2342853
945, 3.33183, 0.199, 2345335
946, 3.06348, 0.179, 2347817
947, 3.13712, 0.183, 2350299
948, 3.19501, 0.194, 2352781
949, 3.18365, 0.19, 2355263
950, 3.24612, 0.188, 2357745
951, 3.22163, 0.194, 2360227
952, 3.13256, 0.2, 2362709
953, 3.38275, 0.195, 2365191
954, 3.15905, 0.184, 2367673
955, 3.29788, 0.197, 2370155
956, 3.13237, 0.181, 2372637
957, 3.19311, 0.188, 2375118
958, 3.26722, 0.189, 2377600
959, 3.18343, 0.191, 2380082
960, 3.31187, 0.192, 2382563
961, 3.36407, 0.198, 2385045
962, 3.30578, 0.179, 2387527
963, 3.26623, 0.191, 2390009
964, 3.35714, 0.19, 2392492
965, 3.33595, 0.197, 2394973
966, 3.38869, 0.19, 2397455
967, 3.34025, 0.196, 2399937
968, 3.2824, 0.18, 2402418
969, 3.10204, 0.183, 2404909
970, 3.33001, 0.194, 2407391
971, 3.24969, 0.191, 2409873
972, 3.25053, 0.191, 2412355
973, 3.36031, 0.197, 2414836
974, 3.47725, 0.192, 2417318
975, 3.30749, 0.191, 2419800
976, 3.3049, 0.19, 2422281
977, 3.42133, 0.195, 2424763
978, 3.53797, 0.205, 2427245
979, 3.60022, 0.211, 2429727
980, 3.48779, 0.2, 2432208
981, 3.43607, 0.207, 2434690
982, 3.21433, 0.214, 2437172
983, 3.45185, 0.199, 2439653
984, 3.20647, 0.178, 2442135
985, 3.34207, 0.198, 2444617
986, 3.27642, 0.19, 2447099
987, 3.21357, 0.199, 2449580
988, 3.16659, 0.196, 2452063
989, 3.31391, 0.184, 2454545
990, 3.25769, 0.19, 2457027
991, 3.2184, 0.192, 2459508
992, 3.18404, 0.182, 2461990
993, 3.19567, 0.183, 2464472
994, 3.36122, 0.189, 2466953
995, 3.34234, 0.19, 2469435
996, 3.21566, 0.187, 2471917
997, 3.36377, 0.177, 2474399
998, 3.10066, 0.176, 2476881
999, 3.15382, 0.179, 2479363
1000, 3.22228, 0.179, 2481845
