epoch, cross_entropy, error, time
1, 40.9921, 0.84, 1220
2, 4.78995, 0.411, 3703
3, 2.64122, 0.368, 6186
4, 1.96802, 0.29, 8669
5, 1.98815, 0.265, 11153
6, 1.46735, 0.195, 13637
7, 1.46837, 0.176, 16120
8, 1.534, 0.18, 18604
9, 1.4152, 0.182, 21087
10, 1.28499, 0.172, 23571
11, 1.6071, 0.213, 26054
12, 1.55226, 0.219, 28537
13, 1.26151, 0.173, 31021
14, 1.39169, 0.196, 33504
15, 1.77192, 0.251, 35987
16, 2.45156, 0.334, 38470
17, 2.3142, 0.29, 40954
18, 2.37355, 0.27, 43437
19, 2.12229, 0.244, 45920
20, 2.23148, 0.257, 48403
21, 1.91324, 0.224, 50887
22, 1.76801, 0.199, 53370
23, 1.67664, 0.19, 55852
24, 1.69474, 0.183, 58335
25, 1.74816, 0.18, 60819
26, 1.65454, 0.159, 63302
27, 1.41169, 0.156, 65785
28, 1.37583, 0.15, 68268
29, 1.20369, 0.127, 70751
30, 1.37635, 0.137, 73235
31, 1.10097, 0.122, 75718
32, 1.05964, 0.116, 78201
33, 1.05373, 0.106, 80683
34, 1.02547, 0.097, 83167
35, 1.05641, 0.108, 85650
36, 1.02259, 0.114, 88134
37, 0.892369, 0.095, 90617
38, 0.906696, 0.094, 93101
39, 0.942356, 0.096, 95584
40, 0.875805, 0.087, 98067
41, 0.929446, 0.097, 100550
42, 0.788822, 0.082, 103033
43, 0.819772, 0.075, 105516
44, 0.767133, 0.079, 107999
45, 0.815478, 0.086, 110482
46, 0.872869, 0.089, 112970
47, 0.910789, 0.1, 115453
48, 0.92615, 0.089, 117936
49, 0.878374, 0.089, 120420
50, 1.05461, 0.123, 122903
51, 1.08106, 0.113, 125386
52, 1.12254, 0.127, 127868
53, 1.2767, 0.146, 130351
54, 1.23895, 0.141, 132834
55, 1.41786, 0.182, 135324
56, 1.48343, 0.195, 137807
57, 1.60665, 0.201, 140290
58, 1.45592, 0.185, 142773
59, 1.40041, 0.168, 145256
60, 1.24262, 0.147, 147739
61, 1.18534, 0.145, 150222
62, 1.22353, 0.151, 152705
63, 1.32245, 0.161, 155188
64, 1.36011, 0.162, 157671
65, 1.28033, 0.142, 160154
66, 1.30752, 0.162, 162636
67, 1.22209, 0.152, 165123
68, 1.21884, 0.14, 167606
69, 1.25059, 0.153, 170089
70, 1.20695, 0.15, 172572
71, 1.15492, 0.154, 175055
72, 1.17416, 0.155, 177538
73, 1.23602, 0.162, 180021
74, 1.19641, 0.159, 182504
75, 1.14147, 0.152, 184988
76, 1.20646, 0.163, 187471
77, 1.34281, 0.18, 189954
78, 1.30999, 0.179, 192437
79, 1.12988, 0.163, 194921
80, 1.13461, 0.158, 197404
81, 1.13329, 0.154, 199887
82, 1.04435, 0.14, 202370
83, 1.04224, 0.138, 204853
84, 1.06452, 0.141, 207336
85, 0.997851, 0.133, 209819
86, 0.990747, 0.139, 212302
87, 1.02866, 0.147, 214785
88, 1.02822, 0.156, 217268
89, 1.07049, 0.158, 219751
90, 0.971701, 0.143, 222233
91, 1.01661, 0.143, 224716
92, 0.972973, 0.14, 227199
93, 0.8907, 0.129, 229682
94, 0.940888, 0.139, 232170
95, 0.963393, 0.129, 234653
96, 1.15571, 0.162, 237142
97, 1.22081, 0.175, 239625
98, 1.20823, 0.165, 242107
99, 1.10309, 0.155, 244591
100, 1.15922, 0.166, 247073
101, 1.05279, 0.155, 249556
102, 1.00171, 0.145, 252039
103, 1.04556, 0.156, 254523
104, 0.981945, 0.141, 257006
105, 0.976038, 0.144, 259487
106, 0.910632, 0.13, 261969
107, 0.925641, 0.137, 264450
108, 0.992552, 0.144, 266932
109, 1.00704, 0.138, 269414
110, 0.953879, 0.137, 271896
111, 0.914678, 0.129, 274378
112, 0.86042, 0.12, 276859
113, 0.855815, 0.123, 279341
114, 0.873041, 0.117, 281823
115, 0.840453, 0.115, 284304
116, 0.810673, 0.114, 286786
117, 0.788289, 0.096, 289268
118, 0.773635, 0.106, 291749
119, 0.836431, 0.114, 294230
120, 0.883667, 0.113, 296712
121, 1.11528, 0.155, 299193
122, 1.05705, 0.148, 301675
123, 1.03289, 0.143, 304156
124, 0.992096, 0.136, 306638
125, 0.979324, 0.136, 309120
126, 0.976206, 0.126, 311601
127, 0.959976, 0.127, 314083
128, 0.891703, 0.117, 316564
129, 0.930721, 0.115, 319047
130, 0.89542, 0.117, 321528
131, 0.924448, 0.112, 324009
132, 0.914392, 0.12, 326490
133, 0.874995, 0.105, 328971
134, 0.874346, 0.104, 331453
135, 0.943797, 0.11, 333934
136, 0.871999, 0.096, 336416
137, 0.916469, 0.101, 338897
138, 0.956258, 0.113, 341378
139, 0.895226, 0.106, 343860
140, 0.870724, 0.097, 346341
141, 0.939501, 0.109, 348822
142, 0.918247, 0.108, 351304
143, 0.916541, 0.109, 353785
144, 0.921536, 0.107, 356272
145, 0.900241, 0.108, 358753
146, 0.823946, 0.099, 361235
147, 0.794751, 0.101, 363717
148, 0.832807, 0.112, 366198
149, 0.869595, 0.109, 368680
150, 0.831565, 0.107, 371161
151, 0.776335, 0.102, 373645
152, 0.796309, 0.102, 376132
153, 0.839386, 0.114, 378614
154, 0.829835, 0.116, 381095
155, 0.825197, 0.102, 383576
156, 0.807575, 0.103, 386058
157, 0.851781, 0.117, 388540
158, 0.800025, 0.114, 391021
159, 0.817219, 0.113, 393503
160, 0.83193, 0.112, 395984
161, 0.846646, 0.113, 398470
162, 0.858654, 0.116, 400952
163, 0.93205, 0.126, 403433
164, 0.894872, 0.126, 405914
165, 0.952454, 0.133, 408395
166, 0.980723, 0.137, 410877
167, 1.04136, 0.145, 413358
168, 1.04289, 0.144, 415839
169, 1.06579, 0.147, 418321
170, 1.07026, 0.147, 420805
171, 1.06034, 0.156, 423287
172, 1.04949, 0.155, 425769
173, 1.03448, 0.152, 428250
174, 1.01043, 0.143, 430732
175, 0.98399, 0.143, 433214
176, 0.99157, 0.136, 435695
177, 0.958958, 0.135, 438177
178, 0.973827, 0.144, 440659
179, 0.969685, 0.142, 443140
180, 0.957981, 0.142, 445622
181, 0.927582, 0.135, 448104
182, 0.877753, 0.123, 450586
183, 0.880898, 0.124, 453067
184, 0.836959, 0.123, 455549
185, 0.82647, 0.12, 458030
186, 0.844168, 0.114, 460512
187, 0.828479, 0.119, 462993
188, 0.840328, 0.118, 465475
189, 0.809098, 0.101, 467956
190, 0.830999, 0.114, 470438
191, 0.821243, 0.11, 472919
192, 0.826049, 0.106, 475401
193, 0.811366, 0.108, 477882
194, 0.811414, 0.111, 480364
195, 0.792664, 0.112, 482845
196, 0.794546, 0.112, 485327
197, 0.748721, 0.104, 487808
198, 0.772419, 0.107, 490291
199, 0.764013, 0.111, 492773
200, 0.770227, 0.108, 495256
201, 0.747565, 0.108, 497738
202, 1.09689, 0.133, 500221
203, 1.0303, 0.124, 502703
204, 1.00918, 0.134, 505185
205, 0.994097, 0.127, 507668
206, 0.989235, 0.126, 510151
207, 0.96534, 0.125, 512640
208, 0.934173, 0.127, 515122
209, 0.898938, 0.123, 517603
210, 0.892712, 0.113, 520085
211, 0.912509, 0.117, 522566
212, 0.924995, 0.12, 525048
213, 0.92602, 0.122, 527529
214, 0.901036, 0.125, 530011
215, 0.871978, 0.116, 532493
216, 0.861846, 0.116, 534975
217, 0.871694, 0.119, 537457
218, 0.86874, 0.115, 539939
219, 0.854086, 0.109, 542420
220, 0.871176, 0.115, 544902
221, 0.85096, 0.11, 547383
222, 0.876664, 0.114, 549865
223, 0.891059, 0.118, 552346
224, 0.867174, 0.118, 554829
225, 0.901648, 0.116, 557311
226, 0.859743, 0.12, 559792
227, 0.888037, 0.122, 562274
228, 0.87083, 0.125, 564755
229, 0.838738, 0.119, 567237
230, 0.835132, 0.119, 569719
231, 0.786456, 0.109, 572200
232, 0.769347, 0.108, 574682
233, 0.749032, 0.107, 577163
234, 0.774442, 0.105, 579645
235, 0.774563, 0.096, 582126
236, 0.741932, 0.099, 584608
237, 0.738869, 0.093, 587089
238, 0.755565, 0.102, 589571
239, 0.748701, 0.104, 592052
240, 0.744219, 0.097, 594534
241, 0.732675, 0.097, 597015
242, 0.699067, 0.091, 599497
243, 0.7388, 0.09, 601978
244, 0.730995, 0.087, 604459
245, 0.717325, 0.09, 606941
246, 0.673423, 0.082, 609423
247, 0.637425, 0.074, 611904
248, 0.66981, 0.083, 614387
249, 0.689073, 0.083, 616868
250, 0.669752, 0.08, 619350
251, 0.668895, 0.088, 621831
252, 0.634712, 0.083, 624313
253, 0.664435, 0.079, 626795
254, 0.664829, 0.084, 629276
255, 0.64326, 0.085, 631758
256, 0.677578, 0.081, 634239
257, 0.633329, 0.077, 636721
258, 0.590847, 0.066, 639202
259, 0.613233, 0.072, 641683
260, 0.593513, 0.073, 644165
261, 0.570509, 0.066, 646646
262, 0.610283, 0.071, 649128
263, 0.618102, 0.076, 651609
264, 0.573217, 0.067, 654091
265, 0.552805, 0.073, 656572
266, 0.556728, 0.063, 659053
267, 0.555833, 0.07, 661535
268, 0.542948, 0.07, 664016
269, 0.536594, 0.069, 666497
270, 0.542607, 0.062, 668979
271, 0.56525, 0.069, 671461
272, 0.535416, 0.063, 673943
273, 0.562342, 0.071, 676425
274, 0.556918, 0.068, 678906
275, 0.57361, 0.076, 681388
276, 0.565407, 0.075, 683870
277, 0.526104, 0.066, 686354
278, 0.5677, 0.069, 688838
279, 0.522582, 0.065, 691320
280, 0.566168, 0.061, 693802
281, 0.554779, 0.066, 696285
282, 0.547735, 0.067, 698767
283, 0.524149, 0.063, 701249
284, 0.55736, 0.06, 703730
285, 0.753555, 0.109, 706214
286, 0.723797, 0.098, 708699
287, 0.752924, 0.099, 711181
288, 0.742176, 0.101, 713662
289, 0.704695, 0.094, 716145
290, 0.69362, 0.094, 718628
291, 0.706348, 0.094, 721109
292, 0.65526, 0.093, 723591
293, 0.671223, 0.093, 726073
294, 0.665158, 0.09, 728554
295, 0.646261, 0.087, 731035
296, 0.657687, 0.076, 733517
297, 0.707455, 0.087, 735999
298, 0.696419, 0.084, 738480
299, 0.711983, 0.094, 740961
300, 0.702767, 0.096, 743443
301, 0.673997, 0.093, 745924
302, 0.682466, 0.096, 748405
303, 0.6905, 0.1, 750887
304, 0.651152, 0.09, 753368
305, 0.674282, 0.095, 755849
306, 0.661194, 0.092, 758331
307, 0.681557, 0.095, 760812
308, 0.668653, 0.097, 763294
309, 0.685185, 0.098, 765775
310, 0.671475, 0.099, 768257
311, 0.667694, 0.096, 770738
312, 0.673537, 0.094, 773220
313, 0.699428, 0.092, 775701
314, 0.680926, 0.085, 778182
315, 0.840298, 0.107, 780663
316, 0.908655, 0.132, 783145
317, 0.875238, 0.125, 785626
318, 0.807921, 0.117, 788107
319, 0.828619, 0.114, 790588
320, 0.801968, 0.114, 793069
321, 0.80823, 0.123, 795552
322, 0.771866, 0.12, 798033
323, 0.769216, 0.115, 800514
324, 0.74716, 0.113, 802996
325, 0.80297, 0.111, 805477
326, 0.733938, 0.103, 807959
327, 0.749071, 0.106, 810440
328, 0.775152, 0.107, 812922
329, 0.796084, 0.114, 815403
330, 0.78133, 0.109, 817885
331, 0.752534, 0.106, 820366
332, 0.752225, 0.103, 822847
333, 0.756732, 0.113, 825329
334, 0.742273, 0.106, 827810
335, 0.714392, 0.105, 830291
336, 0.710772, 0.106, 832773
337, 0.695014, 0.105, 835254
338, 0.676818, 0.101, 837736
339, 0.693326, 0.103, 840219
340, 0.660543, 0.099, 842702
341, 0.635019, 0.09, 845183
342, 0.640697, 0.098, 847664
343, 0.710495, 0.106, 850146
344, 0.735502, 0.114, 852628
345, 0.812276, 0.113, 855111
346, 0.759182, 0.11, 857593
347, 0.76041, 0.117, 860077
348, 0.834173, 0.122, 862560
349, 0.836791, 0.12, 865042
350, 0.775001, 0.115, 867524
351, 0.827482, 0.115, 870007
352, 0.823889, 0.12, 872489
353, 0.879776, 0.13, 874972
354, 0.830537, 0.125, 877454
355, 0.888455, 0.133, 879936
356, 0.841734, 0.125, 882418
357, 0.848086, 0.126, 884899
358, 0.830272, 0.125, 887380
359, 0.823106, 0.121, 889861
360, 0.833221, 0.123, 892343
361, 0.835539, 0.133, 894824
362, 0.856438, 0.137, 897307
363, 0.861739, 0.136, 899789
364, 0.845733, 0.132, 902271
365, 0.830396, 0.13, 904753
366, 0.834675, 0.126, 907236
367, 0.856591, 0.132, 909717
368, 0.826255, 0.125, 912198
369, 0.973207, 0.148, 914681
370, 0.937593, 0.137, 917164
371, 0.932718, 0.135, 919646
372, 0.919705, 0.134, 922128
373, 0.970465, 0.139, 924610
374, 0.936534, 0.136, 927091
375, 0.926469, 0.135, 929573
376, 0.909773, 0.136, 932055
377, 0.969392, 0.143, 934537
378, 0.916816, 0.133, 937020
379, 0.904179, 0.133, 939504
380, 0.895835, 0.131, 941986
381, 0.912314, 0.129, 944467
382, 0.93282, 0.133, 946949
383, 0.893143, 0.133, 949431
384, 0.866507, 0.132, 951912
385, 0.843583, 0.119, 954396
386, 0.883868, 0.122, 956878
387, 0.878079, 0.122, 959359
388, 0.905913, 0.124, 961842
389, 0.859187, 0.121, 964324
390, 0.856996, 0.126, 966806
391, 0.868127, 0.117, 969289
392, 0.853919, 0.114, 971773
393, 0.870004, 0.118, 974256
394, 0.866913, 0.125, 976741
395, 0.884733, 0.125, 979223
396, 0.894356, 0.14, 981706
397, 0.896181, 0.13, 984189
398, 0.908136, 0.132, 986671
399, 0.920458, 0.132, 989154
400, 0.927247, 0.136, 991638
401, 0.952487, 0.141, 994122
402, 0.973621, 0.143, 996605
403, 0.958187, 0.139, 999087
404, 0.994993, 0.143, 1001569
405, 0.942317, 0.134, 1004050
406, 0.970153, 0.131, 1006532
407, 1.00119, 0.132, 1009014
408, 0.974613, 0.137, 1011496
409, 0.96606, 0.14, 1013979
410, 0.96303, 0.147, 1016461
411, 0.918195, 0.133, 1018943
412, 0.924717, 0.132, 1021425
413, 0.968214, 0.146, 1023907
414, 0.975981, 0.145, 1026390
415, 0.96224, 0.149, 1028872
416, 0.989886, 0.141, 1031355
417, 0.942696, 0.135, 1033837
418, 0.920672, 0.138, 1036320
419, 1.00066, 0.144, 1038803
420, 0.962666, 0.139, 1041286
421, 0.948658, 0.134, 1043768
422, 0.923465, 0.14, 1046251
423, 0.914897, 0.13, 1048733
424, 0.936028, 0.14, 1051216
425, 0.925785, 0.137, 1053698
426, 0.942294, 0.134, 1056181
427, 0.981413, 0.139, 1058665
428, 0.977414, 0.133, 1061147
429, 0.936214, 0.142, 1063629
430, 0.96096, 0.141, 1066110
431, 0.980906, 0.148, 1068592
432, 1.31717, 0.165, 1071074
433, 1.03611, 0.14, 1073557
434, 1.01815, 0.144, 1076040
435, 1.02384, 0.138, 1078521
436, 1.12378, 0.143, 1081004
437, 1.14196, 0.139, 1083486
438, 1.05881, 0.139, 1085968
439, 1.01208, 0.137, 1088452
440, 1.0086, 0.142, 1090935
441, 1.04401, 0.139, 1093417
442, 1.04424, 0.149, 1095901
443, 1.05626, 0.148, 1098384
444, 1.0083, 0.144, 1100867
445, 1.00539, 0.14, 1103349
446, 1.00536, 0.142, 1105831
447, 1.00189, 0.131, 1108313
448, 0.99067, 0.133, 1110795
449, 0.954996, 0.129, 1113279
450, 0.966724, 0.133, 1115760
451, 0.950763, 0.13, 1118242
452, 0.914738, 0.129, 1120724
453, 0.904672, 0.126, 1123207
454, 0.860688, 0.116, 1125691
455, 0.857808, 0.115, 1128172
456, 0.839099, 0.112, 1130654
457, 0.82321, 0.11, 1133137
458, 0.823979, 0.111, 1135619
459, 0.814605, 0.104, 1138101
460, 0.821237, 0.112, 1140583
461, 0.860697, 0.116, 1143065
462, 0.863292, 0.115, 1145548
463, 0.896414, 0.117, 1148030
464, 0.862828, 0.114, 1150514
465, 0.877607, 0.116, 1152999
466, 0.856803, 0.118, 1155485
467, 0.883233, 0.12, 1157969
468, 0.845981, 0.112, 1160451
469, 0.858711, 0.106, 1162934
470, 0.889051, 0.113, 1165416
471, 0.853556, 0.11, 1167900
472, 0.858626, 0.105, 1170383
473, 0.837328, 0.106, 1172866
474, 0.849187, 0.109, 1175350
475, 0.88468, 0.113, 1177834
476, 0.882612, 0.12, 1180322
477, 1.06903, 0.141, 1182808
478, 1.24517, 0.158, 1185291
479, 1.19753, 0.154, 1187774
480, 1.13439, 0.147, 1190256
481, 1.11877, 0.146, 1192739
482, 1.07538, 0.141, 1195221
483, 1.09772, 0.142, 1197703
484, 1.09087, 0.141, 1200185
485, 1.09147, 0.146, 1202669
486, 1.06666, 0.144, 1205155
487, 1.07431, 0.146, 1207638
488, 1.06395, 0.145, 1210122
489, 1.08956, 0.148, 1212605
490, 1.05478, 0.138, 1215089
491, 1.05742, 0.14, 1217571
492, 1.05991, 0.142, 1220052
493, 1.03836, 0.135, 1222534
494, 1.02114, 0.132, 1225017
495, 1.04598, 0.137, 1227500
496, 1.00902, 0.131, 1229986
497, 0.985468, 0.126, 1232470
498, 0.997448, 0.126, 1234953
499, 0.977934, 0.128, 1237440
500, 0.975532, 0.125, 1239929
501, 1.0171, 0.121, 1242412
502, 0.98802, 0.116, 1244898
503, 0.977859, 0.123, 1247380
504, 0.969232, 0.119, 1249861
505, 0.938037, 0.116, 1252343
506, 0.939051, 0.123, 1254825
507, 0.944262, 0.123, 1257308
508, 0.91031, 0.117, 1259790
509, 0.913205, 0.117, 1262272
510, 0.884377, 0.111, 1264753
511, 0.889976, 0.107, 1267236
512, 0.855695, 0.101, 1269717
513, 0.842948, 0.1, 1272198
514, 0.864668, 0.103, 1274680
515, 0.860776, 0.104, 1277162
516, 0.905621, 0.108, 1279643
517, 0.895581, 0.112, 1282126
518, 0.881249, 0.108, 1284607
519, 0.874126, 0.107, 1287090
520, 0.824357, 0.1, 1289572
521, 0.837209, 0.1, 1292053
522, 0.816097, 0.101, 1294535
523, 0.862645, 0.11, 1297017
524, 0.852256, 0.109, 1299498
525, 0.841525, 0.107, 1301979
526, 0.840207, 0.106, 1304461
527, 0.830027, 0.113, 1306943
528, 0.825021, 0.109, 1309425
529, 0.841007, 0.108, 1311907
530, 0.867316, 0.11, 1314389
531, 0.903478, 0.113, 1316872
532, 0.895307, 0.113, 1319354
533, 0.898389, 0.115, 1321836
534, 0.925524, 0.119, 1324318
535, 0.904341, 0.12, 1326799
536, 0.886248, 0.121, 1329281
537, 0.838666, 0.118, 1331763
538, 0.809767, 0.11, 1334248
539, 0.829959, 0.117, 1336729
540, 0.79354, 0.113, 1339213
541, 0.811413, 0.116, 1341695
542, 0.812821, 0.116, 1344178
543, 0.8403, 0.115, 1346662
544, 0.854312, 0.118, 1349143
545, 0.953339, 0.125, 1351625
546, 0.932759, 0.129, 1354107
547, 0.967043, 0.141, 1356589
548, 0.939798, 0.133, 1359071
549, 0.962263, 0.136, 1361553
550, 0.961703, 0.134, 1364036
551, 0.973602, 0.131, 1366518
552, 0.998386, 0.13, 1369000
553, 0.987348, 0.131, 1371483
554, 0.988943, 0.137, 1373966
555, 1.09463, 0.145, 1376448
556, 1.30522, 0.166, 1378930
557, 1.25405, 0.158, 1381412
558, 1.1973, 0.152, 1383894
559, 1.20242, 0.151, 1386376
560, 1.12985, 0.137, 1388860
561, 1.09684, 0.143, 1391341
562, 1.10918, 0.139, 1393824
563, 1.08014, 0.136, 1396306
564, 1.09047, 0.137, 1398788
565, 1.10718, 0.141, 1401270
566, 1.15854, 0.144, 1403751
567, 1.13943, 0.143, 1406233
568, 1.0749, 0.133, 1408715
569, 1.11684, 0.14, 1411197
570, 1.10205, 0.144, 1413680
571, 1.11838, 0.152, 1416162
572, 1.12822, 0.145, 1418645
573, 1.15412, 0.15, 1421126
574, 1.16942, 0.152, 1423608
575, 1.15397, 0.144, 1426090
576, 1.14855, 0.142, 1428573
577, 1.12163, 0.137, 1431055
578, 1.15874, 0.146, 1433537
579, 1.1514, 0.149, 1436021
580, 1.1077, 0.157, 1438504
581, 1.06607, 0.151, 1440985
582, 1.03828, 0.145, 1443468
583, 1.05285, 0.143, 1445950
584, 1.04598, 0.143, 1448433
585, 1.05887, 0.144, 1450917
586, 1.01144, 0.135, 1453399
587, 1.0439, 0.149, 1455882
588, 1.01215, 0.144, 1458365
589, 1.01891, 0.139, 1460849
590, 1.06007, 0.142, 1463332
591, 1.05711, 0.145, 1465814
592, 1.07599, 0.153, 1468296
593, 1.05638, 0.144, 1470777
594, 1.02185, 0.149, 1473259
595, 0.979683, 0.14, 1475741
596, 0.968298, 0.138, 1478223
597, 0.958494, 0.134, 1480706
598, 0.933021, 0.128, 1483188
599, 0.953892, 0.127, 1485670
600, 0.928925, 0.122, 1488151
601, 0.914402, 0.122, 1490633
602, 0.907466, 0.119, 1493115
603, 0.895974, 0.118, 1495597
604, 0.900841, 0.115, 1498078
605, 0.947007, 0.125, 1500560
606, 0.957975, 0.129, 1503042
607, 0.941062, 0.129, 1505525
608, 0.917642, 0.132, 1508008
609, 0.898234, 0.129, 1510492
610, 0.9085, 0.128, 1512976
611, 0.924744, 0.125, 1515461
612, 0.916355, 0.122, 1517942
613, 0.929555, 0.128, 1520424
614, 0.950641, 0.124, 1522905
615, 0.935553, 0.126, 1525388
616, 0.883301, 0.12, 1527871
617, 0.900687, 0.12, 1530353
618, 0.886089, 0.118, 1532835
619, 0.897489, 0.122, 1535316
620, 0.866329, 0.116, 1537797
621, 0.890092, 0.116, 1540279
622, 0.898629, 0.118, 1542761
623, 0.872595, 0.122, 1545244
624, 0.881875, 0.123, 1547726
625, 0.885236, 0.125, 1550208
626, 0.861491, 0.125, 1552690
627, 0.846334, 0.116, 1555172
628, 0.845787, 0.114, 1557656
629, 0.836627, 0.117, 1560138
630, 0.856249, 0.119, 1562619
631, 0.811019, 0.115, 1565101
632, 0.813383, 0.112, 1567583
633, 0.789513, 0.113, 1570066
634, 0.783346, 0.11, 1572548
635, 0.817437, 0.109, 1575031
636, 0.766666, 0.111, 1577513
637, 0.821479, 0.116, 1579994
638, 0.802263, 0.113, 1582476
639, 0.822675, 0.114, 1584960
640, 0.856525, 0.117, 1587444
641, 0.820899, 0.115, 1589927
642, 1.08583, 0.137, 1592409
643, 1.04559, 0.136, 1594892
644, 0.994908, 0.135, 1597375
645, 1.03531, 0.129, 1599857
646, 1.05094, 0.125, 1602340
647, 1.04022, 0.127, 1604822
648, 1.00174, 0.125, 1607303
649, 0.998161, 0.123, 1609784
650, 1.00681, 0.132, 1612266
651, 0.942293, 0.124, 1614747
652, 0.983602, 0.127, 1617229
653, 0.985079, 0.124, 1619711
654, 0.957424, 0.13, 1622192
655, 0.987883, 0.129, 1624673
656, 0.966248, 0.128, 1627155
657, 0.945574, 0.117, 1629636
658, 0.929461, 0.119, 1632120
659, 0.955328, 0.12, 1634602
660, 0.955003, 0.124, 1637085
661, 0.9416, 0.116, 1639566
662, 0.949024, 0.12, 1642050
663, 0.925883, 0.115, 1644532
664, 0.914159, 0.118, 1647013
665, 0.90294, 0.119, 1649495
666, 0.93279, 0.121, 1651976
667, 0.954163, 0.123, 1654458
668, 0.930068, 0.116, 1656939
669, 0.972252, 0.119, 1659421
670, 0.977156, 0.12, 1661903
671, 0.952508, 0.11, 1664384
672, 0.922043, 0.109, 1666866
673, 0.924374, 0.111, 1669347
674, 0.937809, 0.106, 1671829
675, 0.913481, 0.103, 1674310
676, 0.918419, 0.105, 1676796
677, 0.925545, 0.107, 1679278
678, 0.903012, 0.102, 1681760
679, 0.886655, 0.104, 1684243
680, 0.893522, 0.106, 1686727
681, 0.883496, 0.104, 1689212
682, 0.946325, 0.115, 1691695
683, 0.915382, 0.113, 1694184
684, 0.927142, 0.109, 1696667
685, 0.917094, 0.112, 1699149
686, 0.91224, 0.105, 1701631
687, 0.938204, 0.11, 1704113
688, 0.906488, 0.105, 1706595
689, 0.943705, 0.106, 1709077
690, 0.942894, 0.108, 1711559
691, 0.901322, 0.109, 1714040
692, 0.882019, 0.107, 1716525
693, 0.940432, 0.112, 1719008
694, 0.950835, 0.112, 1721490
695, 0.923765, 0.114, 1723973
696, 0.93586, 0.114, 1726457
697, 0.89312, 0.105, 1728939
698, 0.89423, 0.111, 1731421
699, 0.88244, 0.102, 1733906
700, 0.863923, 0.102, 1736388
701, 0.843312, 0.097, 1738870
702, 0.817143, 0.103, 1741354
703, 0.838137, 0.101, 1743837
704, 0.843349, 0.099, 1746320
705, 0.872128, 0.106, 1748803
706, 0.8781, 0.104, 1751286
707, 0.875396, 0.105, 1753771
708, 0.892977, 0.104, 1756252
709, 0.878785, 0.095, 1758735
710, 0.856165, 0.094, 1761217
711, 0.899182, 0.101, 1763702
712, 0.876981, 0.103, 1766184
713, 0.856675, 0.099, 1768665
714, 0.828504, 0.092, 1771147
715, 0.813394, 0.092, 1773629
716, 0.813073, 0.086, 1776111
717, 0.837403, 0.095, 1778592
718, 0.828813, 0.093, 1781074
719, 0.83839, 0.091, 1783556
720, 0.827647, 0.091, 1786040
721, 0.895056, 0.096, 1788523
722, 0.911674, 0.094, 1791005
723, 0.888886, 0.093, 1793488
724, 0.835355, 0.092, 1795970
725, 0.8384, 0.091, 1798452
726, 0.840641, 0.095, 1800934
727, 0.806845, 0.088, 1803416
728, 0.798477, 0.089, 1805899
729, 0.794811, 0.09, 1808381
730, 0.775832, 0.088, 1810863
731, 0.804906, 0.089, 1813346
732, 0.815515, 0.092, 1815829
733, 0.776155, 0.086, 1818310
734, 0.771749, 0.083, 1820795
735, 0.79046, 0.088, 1823279
736, 0.761896, 0.091, 1825761
737, 0.759147, 0.087, 1828243
738, 0.761369, 0.089, 1830724
739, 0.769738, 0.088, 1833206
740, 0.777753, 0.091, 1835688
741, 0.773433, 0.087, 1838169
742, 0.802932, 0.086, 1840651
743, 0.788001, 0.09, 1843133
744, 0.771347, 0.091, 1845614
745, 0.7451, 0.085, 1848096
746, 0.75519, 0.092, 1850577
747, 0.78413, 0.088, 1853059
748, 0.795085, 0.091, 1855541
749, 0.808834, 0.09, 1858023
750, 0.815158, 0.089, 1860505
751, 0.84749, 0.093, 1862986
752, 0.846711, 0.09, 1865468
753, 0.864714, 0.092, 1867949
754, 0.879903, 0.087, 1870431
755, 0.886227, 0.093, 1872912
756, 0.886563, 0.089, 1875396
757, 0.881194, 0.088, 1877878
758, 0.872845, 0.097, 1880360
759, 0.865, 0.092, 1882841
760, 0.821365, 0.087, 1885323
761, 0.859064, 0.09, 1887805
762, 0.833399, 0.086, 1890288
763, 0.838435, 0.088, 1892770
764, 0.909146, 0.093, 1895252
765, 0.886259, 0.096, 1897733
766, 0.863928, 0.092, 1900215
767, 0.920203, 0.092, 1902697
768, 0.879356, 0.088, 1905183
769, 0.940126, 0.097, 1907665
770, 0.880029, 0.091, 1910146
771, 0.826197, 0.088, 1912628
772, 0.809176, 0.087, 1915109
773, 0.811143, 0.087, 1917591
774, 0.835592, 0.088, 1920073
775, 0.814948, 0.086, 1922554
776, 0.794404, 0.077, 1925036
777, 0.790989, 0.078, 1927517
778, 0.814678, 0.088, 1929999
779, 0.805193, 0.086, 1932480
780, 0.856313, 0.088, 1934969
781, 0.837589, 0.087, 1937451
782, 0.829995, 0.087, 1939932
783, 0.802241, 0.084, 1942414
784, 0.779165, 0.082, 1944896
785, 0.758141, 0.08, 1947378
786, 0.76373, 0.087, 1949859
787, 0.743961, 0.087, 1952341
788, 0.711925, 0.078, 1954822
789, 0.697748, 0.08, 1957307
790, 0.673884, 0.079, 1959792
791, 0.655332, 0.075, 1962274
792, 0.643173, 0.067, 1964756
793, 0.650012, 0.073, 1967237
794, 0.645952, 0.072, 1969720
795, 0.607232, 0.064, 1972206
796, 0.646781, 0.069, 1974690
797, 0.627628, 0.066, 1977173
798, 0.659585, 0.07, 1979656
799, 0.587268, 0.067, 1982139
800, 0.623979, 0.069, 1984622
801, 0.649302, 0.076, 1987105
802, 0.632185, 0.069, 1989588
803, 0.625588, 0.067, 1992070
804, 0.670344, 0.078, 1994554
805, 0.65437, 0.076, 1997037
806, 0.608835, 0.071, 1999520
807, 0.653839, 0.079, 2002005
808, 0.647715, 0.077, 2004487
809, 0.638191, 0.072, 2006971
810, 0.624592, 0.076, 2009454
811, 0.656619, 0.075, 2011937
812, 0.637466, 0.072, 2014421
813, 0.615809, 0.08, 2016905
814, 0.673671, 0.074, 2019389
815, 0.670819, 0.077, 2021873
816, 0.693687, 0.079, 2024357
817, 0.669329, 0.074, 2026842
818, 0.755759, 0.084, 2029326
819, 0.728583, 0.086, 2031811
820, 0.75194, 0.087, 2034295
821, 0.711003, 0.083, 2036779
822, 0.714907, 0.084, 2039264
823, 0.714926, 0.079, 2041748
824, 0.682299, 0.08, 2044232
825, 0.777012, 0.094, 2046717
826, 0.741855, 0.09, 2049202
827, 0.709904, 0.083, 2051686
828, 0.712305, 0.083, 2054175
829, 0.682445, 0.075, 2056660
830, 0.674982, 0.076, 2059144
831, 0.690395, 0.079, 2061629
832, 0.701946, 0.078, 2064115
833, 0.69025, 0.075, 2066602
834, 0.753589, 0.08, 2069087
835, 0.700953, 0.077, 2071572
836, 0.746161, 0.076, 2074059
837, 0.754498, 0.083, 2076544
838, 0.801845, 0.075, 2079029
839, 0.742473, 0.082, 2081514
840, 0.732216, 0.081, 2084002
841, 0.691581, 0.075, 2086489
842, 0.6657, 0.072, 2088975
843, 0.630088, 0.075, 2091460
844, 0.662401, 0.075, 2093945
845, 0.687283, 0.076, 2096430
846, 0.645198, 0.075, 2098916
847, 0.650492, 0.074, 2101403
848, 0.650445, 0.075, 2103889
849, 0.621036, 0.073, 2106374
850, 0.6222, 0.07, 2108859
851, 0.652679, 0.072, 2111344
852, 0.664226, 0.071, 2113831
853, 0.672349, 0.069, 2116317
854, 0.637922, 0.075, 2118802
855, 0.654551, 0.074, 2121287
856, 0.59572, 0.066, 2123771
857, 0.600938, 0.07, 2126254
858, 0.596967, 0.07, 2128739
859, 0.591524, 0.064, 2131224
860, 0.651359, 0.071, 2133709
861, 0.628809, 0.071, 2136193
862, 0.616658, 0.075, 2138681
863, 0.684614, 0.074, 2141167
864, 0.656596, 0.075, 2143654
865, 0.634661, 0.075, 2146139
866, 0.645797, 0.075, 2148624
867, 0.642003, 0.077, 2151109
868, 0.639952, 0.073, 2153594
869, 0.676009, 0.078, 2156080
870, 0.666911, 0.079, 2158565
871, 0.674808, 0.077, 2161053
872, 0.698844, 0.076, 2163540
873, 0.66395, 0.072, 2166025
874, 0.713585, 0.076, 2168510
875, 0.705625, 0.074, 2170996
876, 0.717472, 0.07, 2173482
877, 0.709104, 0.069, 2175966
878, 0.668588, 0.068, 2178451
879, 0.690084, 0.065, 2180935
880, 0.61834, 0.062, 2183420
881, 0.606657, 0.065, 2185904
882, 0.594456, 0.064, 2188392
883, 0.603401, 0.066, 2190877
884, 0.568285, 0.058, 2193364
885, 0.568236, 0.062, 2195850
886, 0.619937, 0.064, 2198335
887, 0.600471, 0.067, 2200820
888, 0.603434, 0.069, 2203306
889, 0.593715, 0.067, 2205791
890, 0.652508, 0.066, 2208279
891, 0.669699, 0.077, 2210764
892, 0.649319, 0.074, 2213249
893, 0.621265, 0.072, 2215734
894, 0.637425, 0.072, 2218220
895, 0.661587, 0.072, 2220706
896, 0.698573, 0.074, 2223192
897, 0.70706, 0.075, 2225676
898, 0.684692, 0.074, 2228162
899, 0.674994, 0.076, 2230647
900, 0.696959, 0.074, 2233132
901, 0.654277, 0.07, 2235617
902, 0.676836, 0.074, 2238103
903, 0.653026, 0.071, 2240587
904, 0.659768, 0.074, 2243072
905, 0.656303, 0.074, 2245558
906, 0.64247, 0.072, 2248043
907, 0.625339, 0.068, 2250529
908, 0.909944, 0.084, 2253013
909, 0.801595, 0.076, 2255497
910, 0.722364, 0.073, 2257981
911, 0.710487, 0.078, 2260466
912, 0.707749, 0.074, 2262952
913, 0.671493, 0.074, 2265439
914, 0.666372, 0.069, 2267924
915, 0.713915, 0.075, 2270409
916, 0.67459, 0.077, 2272895
917, 0.686442, 0.076, 2275379
918, 0.667817, 0.08, 2277864
919, 0.660425, 0.079, 2280349
920, 0.662696, 0.078, 2282833
921, 0.616834, 0.071, 2285318
922, 0.615111, 0.068, 2287803
923, 0.578864, 0.062, 2290291
924, 0.595558, 0.068, 2292777
925, 0.593097, 0.068, 2295263
926, 0.576453, 0.066, 2297748
927, 0.624085, 0.067, 2300232
928, 0.58693, 0.068, 2302716
929, 0.579743, 0.063, 2305200
930, 0.587334, 0.06, 2307684
931, 0.586959, 0.06, 2310168
932, 0.611279, 0.066, 2312652
933, 0.604681, 0.062, 2315137
934, 0.589667, 0.059, 2317623
935, 0.637844, 0.066, 2320110
936, 0.609704, 0.065, 2322595
937, 0.669223, 0.067, 2325082
938, 0.640925, 0.069, 2327566
939, 0.651386, 0.06, 2330050
940, 0.702262, 0.066, 2332534
941, 0.664801, 0.065, 2335018
942, 0.651856, 0.058, 2337502
943, 0.673127, 0.066, 2339986
944, 0.624209, 0.058, 2342471
945, 0.654306, 0.06, 2344954
946, 0.615209, 0.054, 2347438
947, 0.583721, 0.055, 2349922
948, 0.563282, 0.053, 2352407
949, 0.553371, 0.056, 2354893
950, 0.533079, 0.051, 2357378
951, 0.537036, 0.053, 2359866
952, 0.573881, 0.055, 2362352
953, 0.581738, 0.053, 2364838
954, 0.615451, 0.054, 2367326
955, 0.620504, 0.057, 2369810
956, 0.696996, 0.058, 2372297
957, 0.694094, 0.059, 2374782
958, 0.6496, 0.053, 2377270
959, 0.616033, 0.055, 2379757
960, 0.62897, 0.057, 2382242
961, 0.650722, 0.058, 2384729
962, 0.702288, 0.06, 2387215
963, 0.719674, 0.062, 2389702
964, 0.693285, 0.057, 2392188
965, 0.643602, 0.056, 2394674
966, 0.694843, 0.06, 2397161
967, 0.719135, 0.071, 2399646
968, 0.719531, 0.075, 2402131
969, 0.665923, 0.064, 2404616
970, 0.676178, 0.066, 2407104
971, 0.683406, 0.062, 2409589
972, 0.681602, 0.065, 2412076
973, 0.732381, 0.067, 2414561
974, 0.72971, 0.065, 2417051
975, 0.793928, 0.071, 2419536
976, 0.81983, 0.071, 2422025
977, 0.792883, 0.074, 2424509
978, 0.751884, 0.067, 2426996
979, 0.719493, 0.069, 2429485
980, 0.704146, 0.074, 2431972
981, 0.68819, 0.068, 2434455
982, 0.695043, 0.068, 2436940
983, 0.678631, 0.064, 2439423
984, 0.681243, 0.066, 2441907
985, 0.715212, 0.062, 2444391
986, 0.692336, 0.067, 2446880
987, 0.733834, 0.069, 2449366
988, 0.740787, 0.075, 2451851
989, 0.797653, 0.073, 2454336
990, 0.870052, 0.08, 2456821
991, 0.777442, 0.079, 2459306
992, 0.807436, 0.081, 2461790
993, 0.814641, 0.084, 2464274
994, 0.742101, 0.074, 2466759
995, 0.789896, 0.075, 2469242
996, 0.782448, 0.069, 2471726
997, 0.761964, 0.065, 2474211
998, 0.739586, 0.059, 2476695
999, 0.725567, 0.063, 2479179
1000, 0.746429, 0.065, 2481664
