epoch, cross_entropy, error, time
1, 27.8488, 0.911, 307
2, 3.57955, 0.574, 930
3, 2.81174, 0.494, 1554
4, 2.60568, 0.451, 2177
5, 2.40263, 0.409, 2801
6, 2.24415, 0.371, 3425
7, 2.70979, 0.43, 4048
8, 2.35864, 0.373, 4672
9, 2.14481, 0.338, 5296
10, 1.98119, 0.318, 5919
11, 1.7522, 0.288, 6543
12, 1.82083, 0.279, 7167
13, 1.79015, 0.303, 7790
14, 1.80285, 0.302, 8414
15, 1.78744, 0.272, 9038
16, 1.70545, 0.275, 9662
17, 1.67895, 0.259, 10285
18, 1.59564, 0.25, 10909
19, 1.59821, 0.256, 11533
20, 1.62133, 0.281, 12157
21, 1.66843, 0.278, 12780
22, 1.62665, 0.279, 13404
23, 1.64117, 0.284, 14027
24, 1.66115, 0.272, 14651
25, 1.66095, 0.267, 15274
26, 1.64141, 0.262, 15898
27, 1.54529, 0.26, 16522
28, 1.52288, 0.245, 17146
29, 1.50582, 0.25, 17769
30, 1.48821, 0.245, 18393
31, 1.45981, 0.232, 19016
32, 1.44132, 0.225, 19640
33, 1.46845, 0.22, 20264
34, 1.45121, 0.219, 20888
35, 1.39758, 0.223, 21511
36, 1.34883, 0.211, 22135
37, 1.31913, 0.204, 22758
38, 1.32482, 0.208, 23382
39, 1.29909, 0.204, 24005
40, 1.30617, 0.206, 24629
41, 1.26237, 0.207, 25253
42, 1.2604, 0.198, 25876
43, 1.25374, 0.202, 26500
44, 1.24567, 0.196, 27123
45, 1.24368, 0.192, 27747
46, 1.25631, 0.189, 28371
47, 1.22571, 0.187, 28995
48, 1.24195, 0.19, 29618
49, 1.25056, 0.192, 30242
50, 1.25531, 0.188, 30866
51, 1.20567, 0.18, 31489
52, 1.18255, 0.182, 32113
53, 1.21149, 0.185, 32736
54, 1.1761, 0.181, 33360
55, 1.19882, 0.192, 33985
56, 1.21454, 0.199, 34609
57, 1.18779, 0.193, 35232
58, 1.24563, 0.199, 35856
59, 1.20207, 0.193, 36480
60, 1.29946, 0.206, 37103
61, 1.34012, 0.22, 37727
62, 1.299, 0.213, 38351
63, 1.28188, 0.209, 38974
64, 1.26924, 0.208, 39598
65, 1.18991, 0.191, 40221
66, 1.1854, 0.185, 40845
67, 1.17831, 0.183, 41468
68, 1.13176, 0.176, 42092
69, 1.11778, 0.167, 42716
70, 1.07496, 0.169, 43339
71, 1.08683, 0.168, 43963
72, 1.09569, 0.168, 44586
73, 1.05655, 0.166, 45210
74, 1.07565, 0.168, 45834
75, 1.08571, 0.168, 46457
76, 1.1032, 0.167, 47081
77, 1.08122, 0.161, 47704
78, 1.11191, 0.174, 48328
79, 1.1087, 0.177, 48951
80, 1.11274, 0.175, 49575
81, 1.18176, 0.191, 50199
82, 1.20808, 0.197, 50823
83, 1.19826, 0.197, 51446
84, 1.21474, 0.203, 52070
85, 1.19846, 0.194, 52694
86, 1.19424, 0.201, 53317
87, 1.19709, 0.2, 53941
88, 1.18969, 0.195, 54564
89, 1.21054, 0.2, 55188
90, 1.1763, 0.196, 55811
91, 1.14838, 0.191, 56435
92, 1.15331, 0.194, 57058
93, 1.16448, 0.19, 57682
94, 1.18593, 0.203, 58306
95, 1.15959, 0.202, 58929
96, 1.16389, 0.199, 59553
97, 1.17253, 0.201, 60177
98, 1.12646, 0.19, 60800
99, 1.14509, 0.193, 61424
100, 1.09488, 0.186, 62047
101, 1.11308, 0.185, 62671
102, 1.07775, 0.182, 63295
103, 1.11431, 0.184, 63918
104, 1.13477, 0.193, 64542
105, 1.09447, 0.18, 65165
106, 1.08503, 0.178, 65789
107, 1.1187, 0.184, 66412
108, 1.08576, 0.179, 67036
109, 1.11295, 0.175, 67659
110, 1.18607, 0.175, 68283
111, 1.37296, 0.2, 68906
112, 1.22706, 0.18, 69530
113, 1.21065, 0.169, 70154
114, 1.18894, 0.172, 70777
115, 1.17207, 0.17, 71401
116, 1.12532, 0.172, 72024
117, 1.09268, 0.167, 72648
118, 1.09469, 0.173, 73272
119, 1.10015, 0.169, 73895
120, 1.1028, 0.17, 74519
121, 1.13541, 0.176, 75142
122, 1.16648, 0.185, 75766
123, 1.16478, 0.183, 76390
124, 1.1391, 0.181, 77013
125, 1.14833, 0.178, 77637
126, 1.11826, 0.185, 78260
127, 1.10174, 0.187, 78884
128, 1.09571, 0.189, 79507
129, 1.10706, 0.186, 80131
130, 1.0961, 0.194, 80754
131, 1.07415, 0.187, 81377
132, 1.06155, 0.188, 82001
133, 1.05816, 0.185, 82624
134, 1.0456, 0.178, 83247
135, 1.04582, 0.184, 83871
136, 1.04134, 0.179, 84494
137, 1.04825, 0.178, 85117
138, 1.03985, 0.178, 85741
139, 1.04253, 0.184, 86364
140, 0.996872, 0.176, 86987
141, 0.978653, 0.166, 87611
142, 1.05431, 0.176, 88234
143, 1.08509, 0.178, 88857
144, 1.07037, 0.177, 89481
145, 1.08843, 0.172, 90104
146, 1.07448, 0.18, 90727
147, 1.07524, 0.181, 91351
148, 1.06672, 0.185, 91974
149, 1.08629, 0.184, 92597
150, 1.14042, 0.194, 93221
151, 1.14653, 0.193, 93846
152, 1.10868, 0.186, 94470
153, 1.21509, 0.19, 95093
154, 1.15588, 0.189, 95716
155, 1.11663, 0.182, 96340
156, 1.08811, 0.181, 96963
157, 1.11748, 0.189, 97587
158, 1.12854, 0.198, 98210
159, 1.13931, 0.195, 98834
160, 1.11998, 0.193, 99457
161, 1.12732, 0.194, 100080
162, 1.10592, 0.197, 100704
163, 1.11422, 0.192, 101327
164, 1.12905, 0.194, 101950
165, 1.10551, 0.192, 102574
166, 1.12328, 0.201, 103197
167, 1.13664, 0.199, 103821
168, 1.14207, 0.193, 104444
169, 1.16457, 0.202, 105068
170, 1.12582, 0.192, 105691
171, 1.14121, 0.201, 106315
172, 1.12817, 0.199, 106938
173, 1.12285, 0.199, 107562
174, 1.18603, 0.211, 108185
175, 1.19676, 0.207, 108808
176, 1.16859, 0.204, 109432
177, 1.15332, 0.2, 110055
178, 1.12475, 0.193, 110679
179, 1.12822, 0.189, 111302
180, 1.1072, 0.187, 111925
181, 1.10138, 0.184, 112549
182, 1.09972, 0.184, 113172
183, 1.10525, 0.191, 113795
184, 1.09159, 0.19, 114419
185, 1.11419, 0.19, 115042
186, 1.09021, 0.184, 115665
187, 1.0951, 0.179, 116288
188, 1.08275, 0.177, 116912
189, 1.08542, 0.183, 117535
190, 1.07595, 0.177, 118159
191, 1.07524, 0.175, 118782
192, 1.05176, 0.175, 119405
193, 1.0352, 0.177, 120029
194, 1.02434, 0.173, 120652
195, 0.992115, 0.168, 121276
196, 1.09283, 0.185, 121899
197, 1.25533, 0.225, 122522
198, 1.22968, 0.215, 123146
199, 1.21062, 0.218, 123769
200, 1.21152, 0.217, 124393
201, 1.20588, 0.218, 125016
202, 1.18076, 0.216, 125639
203, 1.16692, 0.206, 126263
204, 1.14654, 0.218, 126886
205, 1.1378, 0.214, 127509
206, 1.12433, 0.206, 128133
207, 1.10972, 0.201, 128756
208, 1.13022, 0.2, 129380
209, 1.13828, 0.205, 130003
210, 1.11849, 0.206, 130626
211, 1.11602, 0.203, 131250
212, 1.10615, 0.201, 131873
213, 1.08846, 0.195, 132497
214, 1.07664, 0.19, 133120
215, 1.06259, 0.193, 133743
216, 1.05652, 0.189, 134366
217, 1.01856, 0.18, 134990
218, 1.01855, 0.175, 135613
219, 1.02698, 0.177, 136236
220, 1.02805, 0.175, 136860
221, 1.03691, 0.175, 137483
222, 1.03982, 0.177, 138106
223, 1.062, 0.183, 138730
224, 1.0575, 0.185, 139353
225, 1.04269, 0.178, 139976
226, 1.05305, 0.177, 140600
227, 1.05398, 0.182, 141223
228, 1.03058, 0.177, 141847
229, 1.0288, 0.175, 142470
230, 1.03904, 0.18, 143093
231, 1.0511, 0.183, 143717
232, 1.04073, 0.182, 144340
233, 1.02539, 0.179, 144964
234, 1.04551, 0.18, 145587
235, 1.03289, 0.173, 146211
236, 1.02058, 0.171, 146834
237, 1.00528, 0.168, 147457
238, 1.0117, 0.165, 148081
239, 1.01513, 0.166, 148704
240, 1.01011, 0.166, 149328
241, 1.06243, 0.175, 149951
242, 1.03428, 0.169, 150575
243, 1.0053, 0.169, 151198
244, 0.962372, 0.157, 151821
245, 0.95913, 0.159, 152445
246, 0.940586, 0.154, 153068
247, 0.963972, 0.156, 153692
248, 0.936852, 0.151, 154316
249, 0.944385, 0.153, 154939
250, 0.947201, 0.151, 155562
251, 0.950304, 0.156, 156185
252, 0.963314, 0.16, 156809
253, 0.966616, 0.162, 157432
254, 1.01129, 0.168, 158055
255, 0.997827, 0.168, 158679
256, 0.991032, 0.166, 159302
257, 0.955071, 0.163, 159925
258, 0.974278, 0.166, 160549
259, 0.955917, 0.165, 161172
260, 0.97793, 0.165, 161796
261, 0.977339, 0.172, 162419
262, 0.985708, 0.171, 163042
263, 0.976819, 0.171, 163666
264, 0.982107, 0.169, 164289
265, 0.974542, 0.166, 164913
266, 0.953851, 0.163, 165536
267, 0.947511, 0.165, 166159
268, 0.958083, 0.167, 166783
269, 0.969458, 0.167, 167406
270, 0.966416, 0.164, 168029
271, 0.969172, 0.174, 168653
272, 0.990128, 0.176, 169276
273, 0.982429, 0.173, 169899
274, 0.997254, 0.175, 170523
275, 0.981587, 0.172, 171146
276, 0.961312, 0.168, 171769
277, 0.981117, 0.17, 172393
278, 0.971626, 0.163, 173016
279, 0.95832, 0.157, 173640
280, 0.977035, 0.161, 174263
281, 0.977208, 0.165, 174886
282, 0.977632, 0.17, 175509
283, 0.995901, 0.168, 176133
284, 0.999703, 0.171, 176756
285, 0.995651, 0.174, 177379
286, 0.990864, 0.172, 178003
287, 0.974619, 0.172, 178626
288, 1.00111, 0.177, 179249
289, 1.00202, 0.174, 179873
290, 1.01944, 0.176, 180496
291, 0.993544, 0.165, 181119
292, 1.00368, 0.172, 181743
293, 1.01083, 0.165, 182366
294, 1.00909, 0.165, 182990
295, 1.01543, 0.16, 183613
296, 1.01882, 0.164, 184237
297, 1.00987, 0.159, 184860
298, 1.00633, 0.16, 185483
299, 1.00084, 0.159, 186106
300, 1.0083, 0.163, 186730
301, 1.03774, 0.161, 187353
302, 1.00007, 0.157, 187977
303, 1.0179, 0.167, 188600
304, 1.00454, 0.166, 189224
305, 1.00359, 0.172, 189847
306, 1.01886, 0.171, 190470
307, 1.01053, 0.174, 191094
308, 1.02858, 0.176, 191717
309, 1.02654, 0.177, 192341
310, 1.02248, 0.177, 192964
311, 1.01706, 0.174, 193588
312, 1.03464, 0.176, 194211
313, 1.15159, 0.191, 194834
314, 1.16473, 0.19, 195458
315, 1.15423, 0.193, 196081
316, 1.14856, 0.197, 196705
317, 1.14255, 0.2, 197328
318, 1.1364, 0.198, 197951
319, 1.14029, 0.198, 198575
320, 1.11438, 0.188, 199198
321, 1.08567, 0.185, 199822
322, 1.10941, 0.185, 200445
323, 1.09014, 0.181, 201069
324, 1.1024, 0.186, 201692
325, 1.07489, 0.179, 202316
326, 1.07306, 0.179, 202939
327, 1.09585, 0.184, 203562
328, 1.11129, 0.182, 204186
329, 1.10305, 0.192, 204809
330, 1.0936, 0.187, 205433
331, 1.40058, 0.22, 206056
332, 1.33349, 0.203, 206679
333, 1.29784, 0.204, 207302
334, 1.30132, 0.201, 207925
335, 1.27841, 0.199, 208548
336, 1.26027, 0.196, 209171
337, 1.25676, 0.196, 209794
338, 1.24569, 0.194, 210418
339, 1.23707, 0.197, 211041
340, 1.16748, 0.181, 211664
341, 1.20324, 0.19, 212287
342, 1.29143, 0.205, 212910
343, 1.31037, 0.207, 213534
344, 1.31812, 0.217, 214157
345, 1.34462, 0.216, 214780
346, 1.34537, 0.222, 215403
347, 1.34145, 0.222, 216027
348, 1.35036, 0.224, 216650
349, 1.35568, 0.225, 217273
350, 1.36215, 0.22, 217896
351, 1.33801, 0.217, 218519
352, 1.34097, 0.216, 219143
353, 1.36139, 0.224, 219766
354, 1.37542, 0.229, 220389
355, 1.39661, 0.223, 221012
356, 1.38145, 0.222, 221635
357, 1.3869, 0.219, 222258
358, 1.35386, 0.228, 222881
359, 1.34877, 0.238, 223504
360, 1.37568, 0.239, 224127
361, 1.38838, 0.243, 224751
362, 1.3639, 0.241, 225374
363, 1.37789, 0.238, 225996
364, 1.3688, 0.236, 226620
365, 1.3823, 0.237, 227243
366, 1.36313, 0.232, 227866
367, 1.37618, 0.233, 228489
368, 1.40126, 0.232, 229113
369, 1.38683, 0.228, 229736
370, 1.36465, 0.23, 230359
371, 1.35479, 0.227, 230982
372, 1.37314, 0.228, 231605
373, 1.37638, 0.23, 232228
374, 1.36245, 0.23, 232851
375, 1.35401, 0.229, 233475
376, 1.32063, 0.223, 234097
377, 1.32556, 0.212, 234721
378, 1.31431, 0.215, 235344
379, 1.30922, 0.202, 235967
380, 1.31408, 0.203, 236590
381, 1.31703, 0.207, 237213
382, 1.32029, 0.2, 237836
383, 1.31234, 0.204, 238459
384, 1.27617, 0.2, 239082
385, 1.30007, 0.205, 239706
386, 1.31046, 0.205, 240329
387, 1.30765, 0.205, 240953
388, 1.32861, 0.212, 241576
389, 1.32521, 0.208, 242200
390, 1.32775, 0.208, 242823
391, 1.3253, 0.214, 243446
392, 1.32078, 0.221, 244069
393, 1.31342, 0.207, 244693
394, 1.32675, 0.209, 245316
395, 1.31704, 0.203, 245940
396, 1.30566, 0.202, 246563
397, 1.29667, 0.199, 247186
398, 1.29961, 0.203, 247809
399, 1.30565, 0.202, 248433
400, 1.2924, 0.201, 249056
401, 1.29503, 0.198, 249680
402, 1.27825, 0.191, 250303
403, 1.27291, 0.188, 250927
404, 1.26166, 0.186, 251550
405, 1.27168, 0.189, 252174
406, 1.26301, 0.191, 252797
407, 1.24593, 0.184, 253421
408, 1.21928, 0.173, 254044
409, 1.23601, 0.179, 254667
410, 1.21999, 0.178, 255291
411, 1.22625, 0.182, 255915
412, 1.21647, 0.18, 256538
413, 1.21804, 0.181, 257162
414, 1.18909, 0.177, 257785
415, 1.18964, 0.18, 258409
416, 1.18279, 0.18, 259032
417, 1.17, 0.174, 259656
418, 1.17851, 0.176, 260279
419, 1.17603, 0.175, 260902
420, 1.18668, 0.175, 261526
421, 1.18202, 0.181, 262149
422, 1.18406, 0.181, 262772
423, 1.16947, 0.175, 263396
424, 1.16219, 0.177, 264019
425, 1.15698, 0.173, 264643
426, 1.15554, 0.173, 265266
427, 1.14909, 0.166, 265889
428, 1.18157, 0.172, 266513
429, 1.1745, 0.168, 267137
430, 1.15908, 0.17, 267760
431, 1.17586, 0.167, 268384
432, 1.17508, 0.17, 269007
433, 1.18488, 0.171, 269630
434, 1.16673, 0.17, 270254
435, 1.17636, 0.176, 270877
436, 1.17126, 0.17, 271500
437, 1.16845, 0.165, 272124
438, 1.17328, 0.17, 272747
439, 1.17147, 0.172, 273371
440, 1.17048, 0.174, 273995
441, 1.14201, 0.17, 274618
442, 1.1767, 0.17, 275242
443, 1.17059, 0.174, 275865
444, 1.15868, 0.174, 276488
445, 1.16488, 0.176, 277112
446, 1.17332, 0.174, 277735
447, 1.13996, 0.167, 278358
448, 1.17204, 0.171, 278982
449, 1.16926, 0.175, 279605
450, 1.13688, 0.16, 280229
451, 1.13856, 0.162, 280852
452, 1.1466, 0.161, 281475
453, 1.14862, 0.161, 282099
454, 1.13349, 0.164, 282722
455, 1.11861, 0.159, 283346
456, 1.10185, 0.153, 283969
457, 1.11997, 0.154, 284593
458, 1.13657, 0.158, 285216
459, 1.13035, 0.157, 285840
460, 1.12747, 0.154, 286463
461, 1.10995, 0.158, 287087
462, 1.27531, 0.2, 287711
463, 1.35746, 0.24, 288334
464, 1.33304, 0.238, 288958
465, 1.35961, 0.243, 289581
466, 1.34691, 0.236, 290205
467, 1.34741, 0.229, 290829
468, 1.32853, 0.231, 291452
469, 1.30822, 0.231, 292075
470, 1.28548, 0.231, 292699
471, 1.28873, 0.227, 293322
472, 1.28147, 0.221, 293945
473, 1.29142, 0.221, 294569
474, 1.2914, 0.218, 295192
475, 1.30268, 0.221, 295816
476, 1.29705, 0.223, 296439
477, 1.2821, 0.219, 297063
478, 1.29542, 0.219, 297686
479, 1.26376, 0.217, 298309
480, 1.26974, 0.215, 298933
481, 1.26358, 0.222, 299556
482, 1.28817, 0.224, 300180
483, 1.29273, 0.22, 300804
484, 1.29674, 0.22, 301427
485, 1.28802, 0.222, 302051
486, 1.30037, 0.218, 302674
487, 1.30433, 0.213, 303298
488, 1.30646, 0.22, 303921
489, 1.48798, 0.25, 304545
490, 1.41785, 0.241, 305168
491, 1.40157, 0.237, 305792
492, 1.41257, 0.241, 306415
493, 1.40596, 0.246, 307039
494, 1.38597, 0.239, 307662
495, 1.37674, 0.236, 308285
496, 1.35628, 0.228, 308909
497, 1.35867, 0.224, 309532
498, 1.34926, 0.228, 310155
499, 1.35918, 0.229, 310779
500, 1.3399, 0.224, 311402
501, 1.32382, 0.225, 312026
502, 1.32609, 0.218, 312649
503, 1.3384, 0.213, 313273
504, 1.324, 0.213, 313896
505, 1.31421, 0.207, 314520
506, 1.30481, 0.209, 315143
507, 1.2978, 0.209, 315767
508, 1.28127, 0.202, 316390
509, 1.27603, 0.198, 317014
510, 1.27479, 0.197, 317637
511, 1.28294, 0.2, 318261
512, 1.27078, 0.196, 318885
513, 1.27782, 0.198, 319508
514, 1.25158, 0.2, 320131
515, 1.27746, 0.198, 320755
516, 1.28459, 0.2, 321378
517, 1.28053, 0.202, 322001
518, 1.27357, 0.204, 322625
519, 1.27301, 0.203, 323248
520, 1.27845, 0.2, 323872
521, 1.28618, 0.2, 324495
522, 1.2872, 0.199, 325119
523, 1.28402, 0.206, 325742
524, 1.28111, 0.207, 326365
525, 1.27587, 0.209, 326989
526, 1.27183, 0.207, 327612
527, 1.26273, 0.207, 328236
528, 1.27054, 0.208, 328859
529, 1.27083, 0.209, 329482
530, 1.28042, 0.215, 330106
531, 1.26443, 0.213, 330729
532, 1.2741, 0.216, 331352
533, 1.27669, 0.212, 331976
534, 1.27247, 0.209, 332599
535, 1.2701, 0.209, 333223
536, 1.2867, 0.207, 333847
537, 1.29066, 0.209, 334470
538, 1.28784, 0.208, 335093
539, 1.29618, 0.208, 335717
540, 1.31793, 0.209, 336340
541, 1.30524, 0.211, 336964
542, 1.30906, 0.209, 337587
543, 1.30072, 0.207, 338210
544, 1.29937, 0.207, 338834
545, 1.29671, 0.207, 339457
546, 1.30977, 0.207, 340080
547, 1.30427, 0.206, 340704
548, 1.30114, 0.207, 341327
549, 1.28718, 0.206, 341951
550, 1.28018, 0.204, 342574
551, 1.28744, 0.203, 343198
552, 1.28932, 0.202, 343821
553, 1.31399, 0.209, 344445
554, 1.32363, 0.207, 345068
555, 1.31087, 0.205, 345692
556, 1.29439, 0.199, 346315
557, 1.28511, 0.202, 346939
558, 1.28274, 0.196, 347562
559, 1.27154, 0.196, 348186
560, 1.25667, 0.198, 348809
561, 1.24684, 0.195, 349432
562, 1.23341, 0.189, 350056
563, 1.2399, 0.187, 350680
564, 1.23575, 0.184, 351303
565, 1.23101, 0.184, 351927
566, 1.21556, 0.181, 352550
567, 1.23489, 0.185, 353174
568, 1.23965, 0.185, 353797
569, 1.25439, 0.186, 354421
570, 1.24208, 0.19, 355044
571, 1.23688, 0.182, 355668
572, 1.24959, 0.187, 356291
573, 1.24198, 0.185, 356915
574, 1.24294, 0.183, 357538
575, 1.25023, 0.184, 358162
576, 1.25622, 0.186, 358785
577, 1.262, 0.187, 359409
578, 1.25541, 0.182, 360032
579, 1.23304, 0.183, 360656
580, 1.2262, 0.185, 361280
581, 1.22932, 0.184, 361903
582, 1.22784, 0.182, 362527
583, 1.24497, 0.189, 363150
584, 1.2424, 0.19, 363774
585, 1.26701, 0.195, 364397
586, 1.26124, 0.195, 365021
587, 1.27456, 0.199, 365644
588, 1.26785, 0.193, 366268
589, 1.26023, 0.192, 366891
590, 1.25511, 0.194, 367515
591, 1.27814, 0.195, 368138
592, 1.30304, 0.197, 368762
593, 1.30215, 0.193, 369386
594, 1.32063, 0.203, 370009
595, 1.29387, 0.201, 370632
596, 1.29506, 0.197, 371256
597, 1.29935, 0.197, 371879
598, 1.29268, 0.195, 372502
599, 1.29276, 0.197, 373126
600, 1.26364, 0.191, 373749
601, 1.27918, 0.191, 374373
602, 1.27801, 0.196, 374996
603, 1.26981, 0.193, 375620
604, 1.26737, 0.192, 376244
605, 1.28378, 0.198, 376867
606, 1.27357, 0.196, 377491
607, 1.28437, 0.202, 378114
608, 1.28172, 0.205, 378738
609, 1.2732, 0.201, 379361
610, 1.27492, 0.205, 379985
611, 1.267, 0.203, 380609
612, 1.2695, 0.204, 381232
613, 1.26788, 0.205, 381856
614, 1.26121, 0.201, 382479
615, 1.26279, 0.196, 383103
616, 1.24969, 0.201, 383726
617, 1.27168, 0.201, 384350
618, 1.2727, 0.203, 384973
619, 1.28142, 0.203, 385597
620, 1.2824, 0.203, 386221
621, 1.28175, 0.204, 386844
622, 1.28181, 0.201, 387468
623, 1.26839, 0.204, 388091
624, 1.2524, 0.197, 388715
625, 1.24855, 0.197, 389338
626, 1.2592, 0.193, 389962
627, 1.26218, 0.192, 390585
628, 1.25204, 0.189, 391209
629, 1.24929, 0.189, 391832
630, 1.26218, 0.192, 392456
631, 1.26491, 0.194, 393079
632, 1.25675, 0.192, 393704
633, 1.24035, 0.186, 394327
634, 1.25989, 0.193, 394951
635, 1.25997, 0.194, 395574
636, 1.26981, 0.195, 396198
637, 1.27093, 0.197, 396822
638, 1.26865, 0.196, 397445
639, 1.30057, 0.196, 398069
640, 1.29148, 0.205, 398692
641, 1.2931, 0.198, 399316
642, 1.29022, 0.2, 399939
643, 1.29575, 0.203, 400563
644, 1.31701, 0.202, 401187
645, 1.31117, 0.203, 401810
646, 1.34389, 0.205, 402434
647, 1.33179, 0.206, 403058
648, 1.35152, 0.209, 403681
649, 1.35084, 0.207, 404305
650, 1.34519, 0.204, 404928
651, 1.34493, 0.204, 405552
652, 1.34928, 0.202, 406175
653, 1.33918, 0.204, 406799
654, 1.34056, 0.215, 407422
655, 1.34015, 0.215, 408046
656, 1.32591, 0.211, 408670
657, 1.32736, 0.213, 409293
658, 1.32565, 0.21, 409916
659, 1.34046, 0.216, 410540
660, 1.3419, 0.215, 411163
661, 1.34287, 0.216, 411787
662, 1.33844, 0.214, 412410
663, 1.34265, 0.216, 413034
664, 1.35382, 0.213, 413657
665, 1.33842, 0.213, 414281
666, 1.33369, 0.215, 414905
667, 1.3255, 0.217, 415528
668, 1.33006, 0.221, 416151
669, 1.3177, 0.217, 416775
670, 1.3309, 0.215, 417398
671, 1.34507, 0.211, 418022
672, 1.34241, 0.209, 418645
673, 1.33885, 0.21, 419268
674, 1.3386, 0.206, 419892
675, 1.36537, 0.215, 420515
676, 1.37744, 0.213, 421139
677, 1.38052, 0.215, 421762
678, 1.37865, 0.212, 422386
679, 1.37511, 0.216, 423009
680, 1.39735, 0.22, 423633
681, 1.38547, 0.216, 424256
682, 1.37032, 0.215, 424880
683, 1.36682, 0.215, 425504
684, 1.36561, 0.218, 426127
685, 1.37344, 0.218, 426751
686, 1.3539, 0.219, 427374
687, 1.36486, 0.225, 427997
688, 1.37113, 0.226, 428621
689, 1.37915, 0.229, 429244
690, 1.37417, 0.229, 429868
691, 1.38668, 0.234, 430492
692, 1.39026, 0.235, 431115
693, 1.39747, 0.239, 431739
694, 1.39824, 0.24, 432362
695, 1.4047, 0.238, 432986
696, 1.3979, 0.237, 433609
697, 1.41576, 0.238, 434233
698, 1.40217, 0.235, 434857
699, 1.4094, 0.237, 435480
700, 1.40905, 0.238, 436103
701, 1.40451, 0.232, 436727
702, 1.40555, 0.235, 437350
703, 1.4119, 0.237, 437975
704, 1.41408, 0.243, 438600
705, 1.42089, 0.24, 439223
706, 1.42399, 0.24, 439847
707, 1.41693, 0.243, 440471
708, 1.41785, 0.242, 441094
709, 1.43002, 0.247, 441718
710, 1.42741, 0.243, 442341
711, 1.42559, 0.244, 442964
712, 1.43304, 0.246, 443588
713, 1.44185, 0.249, 444211
714, 1.43764, 0.241, 444835
715, 1.4325, 0.242, 445458
716, 1.45288, 0.245, 446082
717, 1.45964, 0.251, 446705
718, 1.45469, 0.247, 447329
719, 1.45094, 0.246, 447952
720, 1.45983, 0.25, 448575
721, 1.45018, 0.25, 449199
722, 1.46062, 0.252, 449822
723, 1.47778, 0.257, 450446
724, 1.46569, 0.255, 451069
725, 1.46642, 0.256, 451693
726, 1.47575, 0.254, 452316
727, 1.451, 0.254, 452940
728, 1.48257, 0.256, 453564
729, 1.47282, 0.254, 454187
730, 1.46352, 0.257, 454811
731, 1.44805, 0.251, 455435
732, 1.45473, 0.251, 456058
733, 1.43882, 0.245, 456682
734, 1.43252, 0.247, 457305
735, 1.43233, 0.246, 457929
736, 1.44785, 0.251, 458553
737, 1.43023, 0.247, 459176
738, 1.44578, 0.251, 459799
739, 1.45496, 0.245, 460423
740, 1.45941, 0.248, 461046
741, 1.46705, 0.248, 461670
742, 1.46137, 0.249, 462293
743, 1.45666, 0.246, 462916
744, 1.44513, 0.241, 463540
745, 1.45895, 0.253, 464163
746, 1.45937, 0.252, 464787
747, 1.45266, 0.251, 465410
748, 1.44788, 0.252, 466033
749, 1.45249, 0.252, 466657
750, 1.4437, 0.252, 467280
751, 1.42794, 0.251, 467904
752, 1.43991, 0.254, 468527
753, 1.45261, 0.247, 469151
754, 1.44057, 0.248, 469774
755, 1.45271, 0.246, 470398
756, 1.4687, 0.25, 471021
757, 1.45433, 0.248, 471644
758, 1.4606, 0.25, 472267
759, 1.45909, 0.249, 472891
760, 1.4658, 0.249, 473514
761, 1.46146, 0.243, 474138
762, 1.47761, 0.249, 474761
763, 1.47113, 0.249, 475385
764, 1.46792, 0.254, 476008
765, 1.46609, 0.249, 476632
766, 1.47895, 0.246, 477255
767, 1.45951, 0.244, 477878
768, 1.46649, 0.245, 478502
769, 1.46069, 0.253, 479125
770, 1.4668, 0.248, 479749
771, 1.46766, 0.245, 480372
772, 1.4617, 0.237, 480995
773, 1.45973, 0.246, 481619
774, 1.45463, 0.241, 482242
775, 1.44917, 0.239, 482866
776, 1.44289, 0.237, 483489
777, 1.45228, 0.244, 484112
778, 1.44766, 0.242, 484736
779, 1.45255, 0.244, 485359
780, 1.44532, 0.24, 485983
781, 1.44704, 0.236, 486606
782, 1.44275, 0.236, 487230
783, 1.43613, 0.233, 487853
784, 1.43559, 0.233, 488477
785, 1.42618, 0.234, 489100
786, 1.4315, 0.234, 489724
787, 1.41757, 0.239, 490347
788, 1.42814, 0.242, 490971
789, 1.42942, 0.242, 491594
790, 1.42947, 0.241, 492218
791, 1.41522, 0.235, 492841
792, 1.40406, 0.228, 493465
793, 1.40414, 0.23, 494088
794, 1.40731, 0.231, 494712
795, 1.4111, 0.231, 495335
796, 1.42148, 0.236, 495958
797, 1.41604, 0.239, 496582
798, 1.41164, 0.236, 497205
799, 1.41629, 0.237, 497829
800, 1.40471, 0.233, 498452
801, 1.40169, 0.234, 499075
802, 1.40278, 0.232, 499699
803, 1.39044, 0.228, 500322
804, 1.40533, 0.226, 500945
805, 1.40719, 0.228, 501569
806, 1.41069, 0.226, 502192
807, 1.40769, 0.229, 502816
808, 1.40694, 0.226, 503439
809, 1.38732, 0.222, 504063
810, 1.38013, 0.224, 504686
811, 1.38837, 0.222, 505310
812, 1.38431, 0.222, 505933
813, 1.38654, 0.223, 506557
814, 1.37908, 0.223, 507180
815, 1.38039, 0.227, 507804
816, 1.37241, 0.226, 508427
817, 1.37105, 0.222, 509051
818, 1.37577, 0.225, 509674
819, 1.36002, 0.222, 510298
820, 1.37044, 0.226, 510921
821, 1.36316, 0.218, 511544
822, 1.36605, 0.225, 512168
823, 1.35903, 0.227, 512791
824, 1.37157, 0.224, 513415
825, 1.36201, 0.222, 514039
826, 1.38014, 0.219, 514662
827, 1.36652, 0.218, 515286
828, 1.37719, 0.222, 515909
829, 1.37382, 0.216, 516532
830, 1.36903, 0.213, 517155
831, 1.39252, 0.215, 517779
832, 1.35935, 0.212, 518402
833, 1.36663, 0.212, 519026
834, 1.38675, 0.218, 519649
835, 1.44917, 0.219, 520273
836, 1.48707, 0.221, 520897
837, 1.47169, 0.216, 521520
838, 1.45827, 0.213, 522144
839, 1.4525, 0.214, 522767
840, 1.45379, 0.213, 523390
841, 1.45427, 0.211, 524013
842, 1.45567, 0.213, 524637
843, 1.50929, 0.223, 525260
844, 1.50595, 0.225, 525884
845, 1.5099, 0.224, 526507
846, 1.5002, 0.229, 527131
847, 1.49761, 0.225, 527755
848, 1.49774, 0.229, 528378
849, 1.49761, 0.227, 529002
850, 1.48886, 0.223, 529625
851, 1.4776, 0.22, 530249
852, 1.48742, 0.218, 530872
853, 1.48011, 0.219, 531495
854, 1.46996, 0.217, 532119
855, 1.47405, 0.222, 532742
856, 1.48219, 0.226, 533365
857, 1.49514, 0.225, 533989
858, 1.48908, 0.221, 534612
859, 1.47925, 0.222, 535235
860, 1.46393, 0.217, 535859
861, 1.46195, 0.221, 536482
862, 1.46282, 0.218, 537106
863, 1.47866, 0.219, 537729
864, 1.47488, 0.217, 538353
865, 1.46649, 0.216, 538976
866, 1.46961, 0.218, 539600
867, 1.464, 0.218, 540223
868, 1.47048, 0.218, 540847
869, 1.47455, 0.215, 541470
870, 1.46157, 0.218, 542093
871, 1.46029, 0.218, 542717
872, 1.45234, 0.217, 543340
873, 1.46352, 0.219, 543964
874, 1.45894, 0.218, 544587
875, 1.44799, 0.215, 545211
876, 1.45085, 0.221, 545834
877, 1.43103, 0.221, 546458
878, 1.4219, 0.218, 547081
879, 1.41493, 0.211, 547705
880, 1.41174, 0.215, 548328
881, 1.40673, 0.211, 548952
882, 1.39053, 0.209, 549576
883, 1.38711, 0.209, 550199
884, 1.39504, 0.212, 550823
885, 1.38724, 0.208, 551446
886, 1.39523, 0.218, 552070
887, 1.40515, 0.219, 552694
888, 1.40538, 0.22, 553317
889, 1.39687, 0.214, 553941
890, 1.40082, 0.218, 554564
891, 1.40167, 0.22, 555188
892, 1.40416, 0.224, 555811
893, 1.40453, 0.229, 556435
894, 1.40521, 0.232, 557059
895, 1.41151, 0.232, 557682
896, 1.41364, 0.227, 558306
897, 1.41441, 0.224, 558929
898, 1.40188, 0.218, 559552
899, 1.39627, 0.219, 560175
900, 1.38507, 0.22, 560799
901, 1.39233, 0.222, 561422
902, 1.39226, 0.223, 562046
903, 1.3871, 0.22, 562669
904, 1.38786, 0.222, 563293
905, 1.37911, 0.222, 563916
906, 1.38309, 0.224, 564539
907, 1.38398, 0.219, 565163
908, 1.38592, 0.221, 565786
909, 1.38619, 0.223, 566410
910, 1.3868, 0.223, 567033
911, 1.38682, 0.222, 567656
912, 1.38922, 0.219, 568280
913, 1.38805, 0.222, 568903
914, 1.3929, 0.219, 569527
915, 1.39342, 0.217, 570150
916, 1.38292, 0.224, 570774
917, 1.38338, 0.222, 571397
918, 1.37305, 0.222, 572021
919, 1.36529, 0.223, 572644
920, 1.36978, 0.22, 573268
921, 1.36248, 0.218, 573892
922, 1.35397, 0.216, 574516
923, 1.34916, 0.216, 575139
924, 1.33256, 0.212, 575763
925, 1.32403, 0.211, 576387
926, 1.32375, 0.212, 577010
927, 1.3174, 0.214, 577634
928, 1.31534, 0.21, 578257
929, 1.31264, 0.211, 578880
930, 1.31383, 0.205, 579504
931, 1.30813, 0.213, 580127
932, 1.30418, 0.213, 580751
933, 1.30535, 0.212, 581374
934, 1.30834, 0.21, 581998
935, 1.31349, 0.214, 582622
936, 1.31929, 0.215, 583245
937, 1.31783, 0.219, 583868
938, 1.31634, 0.218, 584492
939, 1.30932, 0.215, 585116
940, 1.31384, 0.216, 585739
941, 1.31523, 0.217, 586363
942, 1.30836, 0.214, 586986
943, 1.29358, 0.21, 587610
944, 1.30403, 0.218, 588233
945, 1.29946, 0.217, 588857
946, 1.30084, 0.217, 589481
947, 1.28165, 0.217, 590104
948, 1.28933, 0.212, 590728
949, 1.28868, 0.209, 591351
950, 1.29475, 0.209, 591975
951, 1.29185, 0.212, 592598
952, 1.29484, 0.21, 593222
953, 1.28693, 0.209, 593845
954, 1.27845, 0.209, 594469
955, 1.28121, 0.211, 595092
956, 1.26338, 0.205, 595716
957, 1.27102, 0.209, 596339
958, 1.27385, 0.212, 596963
959, 1.26485, 0.209, 597587
960, 1.26579, 0.21, 598210
961, 1.28079, 0.213, 598833
962, 1.28351, 0.207, 599457
963, 1.29445, 0.21, 600080
964, 1.29216, 0.211, 600704
965, 1.29418, 0.218, 601327
966, 1.29633, 0.218, 601951
967, 1.29, 0.219, 602575
968, 1.28102, 0.215, 603198
969, 1.27359, 0.215, 603822
970, 1.29213, 0.217, 604445
971, 1.28798, 0.218, 605069
972, 1.28859, 0.218, 605692
973, 1.28261, 0.217, 606316
974, 1.28726, 0.221, 606939
975, 1.27868, 0.215, 607562
976, 1.27915, 0.216, 608186
977, 1.2759, 0.216, 608809
978, 1.27325, 0.216, 609433
979, 1.27043, 0.216, 610056
980, 1.28629, 0.217, 610680
981, 1.27321, 0.212, 611303
982, 1.27791, 0.217, 611927
983, 1.27861, 0.208, 612550
984, 1.26758, 0.21, 613174
985, 1.27431, 0.206, 613797
986, 1.27012, 0.207, 614421
987, 1.26762, 0.205, 615044
988, 1.26458, 0.203, 615668
989, 1.27527, 0.208, 616291
990, 1.2657, 0.204, 616915
991, 1.24859, 0.2, 617538
992, 1.24714, 0.2, 618162
993, 1.24816, 0.204, 618785
994, 1.25021, 0.209, 619409
995, 1.25791, 0.21, 620032
996, 1.24384, 0.206, 620656
997, 1.24936, 0.208, 621279
998, 1.24093, 0.208, 621903
999, 1.24798, 0.206, 622527
1000, 1.24408, 0.206, 623150
