epoch, cross_entropy, error, time
1, 36.9053, 0.916, 612
2, 7.05865, 0.583, 1857
3, 5.27047, 0.447, 3115
4, 4.16961, 0.354, 4368
5, 4.10286, 0.335, 5615
6, 4.0606, 0.329, 6860
7, 4.07536, 0.326, 8104
8, 3.96135, 0.315, 9348
9, 4.05426, 0.319, 10592
10, 4.57063, 0.379, 11836
11, 4.31515, 0.321, 13080
12, 4.03043, 0.296, 14325
13, 4.63088, 0.358, 15569
14, 4.67863, 0.359, 16813
15, 4.22527, 0.332, 18061
16, 4.48327, 0.371, 19306
17, 4.27448, 0.33, 20550
18, 4.09221, 0.323, 21794
19, 4.33554, 0.345, 23038
20, 4.60361, 0.369, 24282
21, 4.29928, 0.332, 25527
22, 4.21731, 0.313, 26771
23, 4.41809, 0.344, 28015
24, 4.4556, 0.34, 29259
25, 4.34961, 0.332, 30503
26, 4.23198, 0.319, 31747
27, 4.23452, 0.315, 32992
28, 4.08058, 0.335, 34236
29, 4.26641, 0.316, 35480
30, 4.22484, 0.337, 36724
31, 4.17209, 0.325, 37968
32, 3.95347, 0.303, 39212
33, 4.02387, 0.308, 40456
34, 4.05824, 0.316, 41700
35, 3.8502, 0.282, 42944
36, 3.97905, 0.299, 44188
37, 3.8665, 0.295, 45433
38, 3.76656, 0.284, 46677
39, 3.8597, 0.302, 47921
40, 4.07479, 0.327, 49165
41, 4.0796, 0.327, 50409
42, 4.08612, 0.325, 51653
43, 4.19767, 0.324, 52897
44, 3.89295, 0.304, 54141
45, 4.19475, 0.32, 55386
46, 4.25615, 0.32, 56630
47, 4.26735, 0.325, 57874
48, 4.30037, 0.327, 59118
49, 4.26842, 0.328, 60362
50, 4.35834, 0.323, 61606
51, 4.48757, 0.346, 62850
52, 4.48522, 0.34, 64094
53, 4.45144, 0.336, 65338
54, 4.53508, 0.341, 66582
55, 4.32284, 0.332, 67826
56, 4.34618, 0.327, 69070
57, 4.37387, 0.336, 70314
58, 4.35421, 0.328, 71558
59, 4.44486, 0.332, 72802
60, 4.42023, 0.343, 74046
61, 4.27152, 0.332, 75290
62, 4.27627, 0.338, 76534
63, 4.41655, 0.353, 77778
64, 4.36062, 0.354, 79023
65, 4.49558, 0.345, 80267
66, 4.56005, 0.353, 81511
67, 4.44301, 0.351, 82755
68, 4.51757, 0.357, 83999
69, 4.47799, 0.348, 85243
70, 4.56167, 0.349, 86487
71, 4.50234, 0.343, 87731
72, 4.53764, 0.35, 88975
73, 4.427, 0.354, 90219
74, 4.50008, 0.348, 91463
75, 4.73, 0.367, 92707
76, 4.74052, 0.366, 93951
77, 4.68652, 0.359, 95195
78, 4.82909, 0.358, 96439
79, 4.69637, 0.36, 97684
80, 4.81279, 0.366, 98928
81, 4.69209, 0.368, 100172
82, 4.74966, 0.349, 101416
83, 4.64938, 0.359, 102660
84, 4.72233, 0.364, 103904
85, 4.85113, 0.375, 105148
86, 5.05106, 0.402, 106392
87, 5.04488, 0.4, 107636
88, 5.0123, 0.385, 108880
89, 4.96017, 0.394, 110124
90, 5.07202, 0.394, 111368
91, 5.05849, 0.388, 112612
92, 5.1417, 0.394, 113856
93, 5.10029, 0.388, 115100
94, 5.10631, 0.376, 116344
95, 4.9714, 0.373, 117588
96, 4.90664, 0.368, 118833
97, 5.06851, 0.386, 120077
98, 5.051, 0.379, 121321
99, 4.90135, 0.372, 122565
100, 5.03697, 0.373, 123810
101, 5.18429, 0.392, 125054
102, 5.06911, 0.377, 126298
103, 5.04625, 0.387, 127542
104, 4.92028, 0.383, 128786
105, 5.05805, 0.377, 130030
106, 5.14673, 0.387, 131274
107, 5.19679, 0.393, 132518
108, 5.389, 0.408, 133762
109, 5.18609, 0.389, 135007
110, 5.01702, 0.387, 136251
111, 5.1132, 0.394, 137495
112, 5.1076, 0.384, 138739
113, 5.02962, 0.388, 139986
114, 5.20391, 0.393, 141229
115, 5.16011, 0.388, 142474
116, 5.09551, 0.374, 143718
117, 5.05157, 0.372, 144962
118, 4.94508, 0.365, 146206
119, 4.91152, 0.362, 147450
120, 4.77091, 0.359, 148694
121, 4.76041, 0.361, 149938
122, 4.66435, 0.36, 151182
123, 4.86701, 0.36, 152426
124, 4.63626, 0.334, 153670
125, 4.73677, 0.344, 154914
126, 4.6659, 0.34, 156159
127, 4.55449, 0.326, 157403
128, 4.56182, 0.326, 158647
129, 4.56898, 0.336, 159891
130, 4.77927, 0.346, 161135
131, 4.65569, 0.34, 162380
132, 4.59665, 0.34, 163624
133, 4.71877, 0.351, 164868
134, 4.82492, 0.358, 166112
135, 4.65725, 0.343, 167356
136, 4.77746, 0.352, 168600
137, 4.67839, 0.342, 169844
138, 4.74547, 0.354, 171089
139, 4.8488, 0.353, 172333
140, 4.87446, 0.353, 173577
141, 4.83219, 0.355, 174821
142, 4.76029, 0.341, 176065
143, 4.69274, 0.339, 177309
144, 4.71432, 0.343, 178553
145, 4.63867, 0.333, 179798
146, 4.72746, 0.338, 181042
147, 4.72277, 0.348, 182286
148, 4.61747, 0.332, 183530
149, 4.63174, 0.32, 184774
150, 4.66114, 0.326, 186018
151, 4.71584, 0.333, 187262
152, 4.56491, 0.33, 188506
153, 4.52829, 0.322, 189750
154, 4.48967, 0.317, 190995
155, 4.6059, 0.314, 192239
156, 4.4369, 0.307, 193483
157, 4.45491, 0.329, 194727
158, 4.56252, 0.316, 195971
159, 4.46835, 0.322, 197215
160, 4.4083, 0.321, 198461
161, 4.4481, 0.321, 199706
162, 4.46013, 0.315, 200950
163, 4.62823, 0.329, 202194
164, 4.41967, 0.318, 203438
165, 4.65835, 0.328, 204683
166, 4.74844, 0.334, 205927
167, 4.65602, 0.326, 207171
168, 4.72188, 0.329, 208415
169, 4.83297, 0.33, 209659
170, 4.54651, 0.312, 210903
171, 4.68073, 0.346, 212148
172, 4.63926, 0.327, 213392
173, 4.56707, 0.332, 214636
174, 4.51434, 0.329, 215880
175, 4.447, 0.322, 217125
176, 4.368, 0.31, 218369
177, 4.33917, 0.318, 219613
178, 4.29991, 0.31, 220857
179, 4.43684, 0.32, 222101
180, 4.36471, 0.313, 223345
181, 4.57319, 0.316, 224589
182, 4.49788, 0.319, 225834
183, 4.43557, 0.318, 227078
184, 4.41457, 0.307, 228322
185, 4.51328, 0.322, 229566
186, 4.59478, 0.309, 230810
187, 4.45062, 0.302, 232054
188, 4.37064, 0.307, 233298
189, 4.33022, 0.304, 234543
190, 4.30818, 0.309, 235787
191, 4.4848, 0.326, 237031
192, 4.37127, 0.308, 238275
193, 4.25563, 0.293, 239519
194, 4.56507, 0.318, 240763
195, 4.37725, 0.3, 242007
196, 4.35681, 0.31, 243251
197, 4.24561, 0.3, 244495
198, 4.24599, 0.308, 245739
199, 4.26389, 0.301, 246983
200, 4.13801, 0.297, 248227
201, 4.09014, 0.297, 249471
202, 4.16931, 0.294, 250716
203, 3.98528, 0.28, 251960
204, 4.00544, 0.293, 253204
205, 3.96848, 0.28, 254448
206, 4.01415, 0.281, 255691
207, 4.1969, 0.286, 256936
208, 4.17283, 0.298, 258180
209, 3.87261, 0.289, 259425
210, 3.98795, 0.299, 260669
211, 3.93609, 0.29, 261913
212, 4.05435, 0.28, 263157
213, 4.1042, 0.303, 264401
214, 4.16049, 0.301, 265645
215, 4.17269, 0.302, 266890
216, 4.12911, 0.308, 268134
217, 4.24047, 0.307, 269378
218, 4.19307, 0.308, 270622
219, 4.3407, 0.316, 271866
220, 4.4001, 0.312, 273110
221, 4.24674, 0.302, 274354
222, 4.13222, 0.295, 275598
223, 4.08177, 0.301, 276842
224, 4.14207, 0.307, 278086
225, 4.15784, 0.305, 279330
226, 4.18044, 0.307, 280574
227, 4.03784, 0.301, 281818
228, 4.18552, 0.299, 283062
229, 4.11337, 0.293, 284306
230, 4.1189, 0.292, 285551
231, 4.00057, 0.288, 286795
232, 4.21905, 0.294, 288039
233, 4.27345, 0.293, 289283
234, 4.25825, 0.299, 290527
235, 4.23004, 0.301, 291771
236, 4.17321, 0.297, 293015
237, 4.14231, 0.297, 294260
238, 4.32132, 0.296, 295504
239, 4.16034, 0.291, 296748
240, 4.16541, 0.297, 297992
241, 4.22635, 0.293, 299236
242, 4.22493, 0.284, 300480
243, 4.24356, 0.295, 301724
244, 4.25129, 0.289, 302968
245, 4.10222, 0.284, 304213
246, 4.2538, 0.291, 305457
247, 4.18196, 0.282, 306701
248, 4.13352, 0.287, 307945
249, 4.1247, 0.284, 309189
250, 4.26228, 0.293, 310433
251, 4.25673, 0.284, 311677
252, 4.42322, 0.304, 312922
253, 4.315, 0.294, 314166
254, 4.27219, 0.279, 315410
255, 4.32829, 0.288, 316654
256, 4.1426, 0.284, 317898
257, 4.23686, 0.297, 319143
258, 4.25635, 0.291, 320387
259, 4.37138, 0.291, 321632
260, 4.37866, 0.308, 322876
261, 4.27713, 0.295, 324120
262, 4.3446, 0.297, 325364
263, 4.34287, 0.3, 326608
264, 4.40461, 0.295, 327852
265, 4.45112, 0.303, 329096
266, 4.18667, 0.288, 330340
267, 4.39939, 0.306, 331585
268, 4.38392, 0.281, 332831
269, 4.49268, 0.295, 334076
270, 4.27509, 0.292, 335320
271, 4.24865, 0.29, 336564
272, 4.2276, 0.296, 337808
273, 4.13374, 0.283, 339053
274, 4.14116, 0.274, 340297
275, 4.04352, 0.274, 341540
276, 4.14215, 0.279, 342785
277, 4.19744, 0.27, 344029
278, 4.16006, 0.275, 345273
279, 4.18483, 0.278, 346517
280, 4.18664, 0.272, 347762
281, 4.18293, 0.274, 349006
282, 4.26396, 0.275, 350250
283, 4.22516, 0.27, 351494
284, 4.381, 0.288, 352738
285, 4.25516, 0.288, 353982
286, 4.21203, 0.297, 355226
287, 4.28386, 0.292, 356470
288, 4.2977, 0.3, 357714
289, 4.33309, 0.281, 358959
290, 4.19984, 0.283, 360203
291, 4.21306, 0.273, 361446
292, 4.35975, 0.294, 362691
293, 4.22467, 0.283, 363935
294, 4.12025, 0.291, 365179
295, 3.9829, 0.261, 366423
296, 4.06617, 0.26, 367667
297, 4.01407, 0.277, 368911
298, 4.02017, 0.273, 370155
299, 4.08316, 0.268, 371399
300, 4.14841, 0.28, 372643
301, 4.07647, 0.274, 373887
302, 4.1794, 0.273, 375131
303, 4.23234, 0.285, 376375
304, 4.23494, 0.285, 377619
305, 4.31352, 0.275, 378863
306, 4.33107, 0.29, 380115
307, 4.30253, 0.294, 381359
308, 4.35421, 0.287, 382604
309, 4.39226, 0.292, 383848
310, 4.21091, 0.283, 385092
311, 4.32731, 0.283, 386336
312, 4.32751, 0.286, 387580
313, 4.33882, 0.298, 388824
314, 4.49188, 0.304, 390068
315, 4.39038, 0.31, 391312
316, 4.61349, 0.315, 392556
317, 4.37826, 0.304, 393801
318, 4.45566, 0.306, 395045
319, 4.37362, 0.286, 396289
320, 4.32557, 0.292, 397533
321, 4.30247, 0.291, 398777
322, 4.25061, 0.291, 400021
323, 4.3236, 0.299, 401266
324, 4.33883, 0.295, 402510
325, 4.37622, 0.299, 403754
326, 4.24419, 0.285, 404998
327, 4.36046, 0.303, 406242
328, 4.39762, 0.293, 407486
329, 4.27936, 0.292, 408730
330, 4.32849, 0.297, 409974
331, 4.37869, 0.301, 411218
332, 4.47903, 0.306, 412462
333, 4.28776, 0.289, 413706
334, 4.36308, 0.3, 414951
335, 4.50162, 0.296, 416195
336, 4.46564, 0.313, 417439
337, 4.39398, 0.302, 418683
338, 4.52229, 0.312, 419927
339, 4.59224, 0.31, 421171
340, 4.51292, 0.305, 422415
341, 4.51844, 0.309, 423659
342, 4.6149, 0.312, 424903
343, 4.49118, 0.314, 426148
344, 4.55759, 0.315, 427392
345, 4.52914, 0.301, 428636
346, 4.67148, 0.311, 429880
347, 4.50055, 0.315, 431124
348, 4.56878, 0.315, 432368
349, 4.60992, 0.314, 433612
350, 4.55209, 0.302, 434857
351, 4.5504, 0.309, 436101
352, 4.58665, 0.316, 437345
353, 4.47439, 0.312, 438589
354, 4.72059, 0.314, 439834
355, 4.64069, 0.314, 441078
356, 4.72236, 0.314, 442322
357, 4.57302, 0.303, 443566
358, 4.38444, 0.305, 444810
359, 4.40798, 0.295, 446054
360, 4.45587, 0.307, 447299
361, 4.57463, 0.305, 448542
362, 4.42694, 0.296, 449786
363, 4.3848, 0.304, 451030
364, 4.33957, 0.309, 452275
365, 4.5892, 0.315, 453519
366, 4.44077, 0.299, 454763
367, 4.56479, 0.302, 456007
368, 4.68936, 0.309, 457251
369, 4.64095, 0.314, 458495
370, 4.50436, 0.302, 459740
371, 4.51926, 0.31, 460984
372, 4.66241, 0.315, 462228
373, 4.53444, 0.324, 463472
374, 4.63689, 0.332, 464716
375, 4.66486, 0.323, 465960
376, 4.73836, 0.322, 467204
377, 4.54616, 0.317, 468449
378, 4.75663, 0.319, 469692
379, 4.72014, 0.322, 470937
380, 4.65585, 0.318, 472181
381, 4.82582, 0.325, 473425
382, 4.68137, 0.307, 474669
383, 4.75198, 0.321, 475913
384, 4.63656, 0.311, 477157
385, 4.54962, 0.311, 478401
386, 4.6359, 0.31, 479645
387, 4.75237, 0.311, 480889
388, 4.93825, 0.327, 482133
389, 4.89622, 0.318, 483378
390, 4.8606, 0.319, 484622
391, 4.75201, 0.318, 485866
392, 4.52893, 0.3, 487110
393, 4.71193, 0.315, 488354
394, 4.76481, 0.328, 489598
395, 4.58301, 0.302, 490842
396, 4.75037, 0.317, 492086
397, 4.80176, 0.317, 493330
398, 4.79236, 0.317, 494575
399, 4.62707, 0.311, 495819
400, 4.68178, 0.315, 497063
401, 4.81128, 0.314, 498307
402, 4.77038, 0.306, 499552
403, 4.79762, 0.312, 500796
404, 4.87557, 0.316, 502040
405, 4.57398, 0.303, 503284
406, 4.60019, 0.296, 504529
407, 4.60198, 0.3, 505773
408, 4.63434, 0.307, 507017
409, 4.6577, 0.31, 508261
410, 4.63143, 0.305, 509505
411, 4.87127, 0.323, 510749
412, 4.77777, 0.314, 511994
413, 4.69073, 0.308, 513238
414, 4.59441, 0.304, 514482
415, 4.73719, 0.307, 515726
416, 4.52632, 0.308, 516970
417, 4.76209, 0.316, 518215
418, 4.72857, 0.321, 519459
419, 4.80031, 0.312, 520703
420, 4.71244, 0.318, 521947
421, 4.68098, 0.31, 523191
422, 4.91521, 0.321, 524435
423, 4.89643, 0.323, 525679
424, 4.64803, 0.31, 526923
425, 5.03286, 0.313, 528168
426, 4.8797, 0.326, 529412
427, 4.79763, 0.326, 530656
428, 4.69463, 0.322, 531900
429, 4.74247, 0.323, 533144
430, 4.99932, 0.327, 534388
431, 4.82558, 0.31, 535632
432, 4.80856, 0.32, 536876
433, 4.77729, 0.323, 538121
434, 4.85985, 0.322, 539364
435, 4.89488, 0.33, 540609
436, 4.72475, 0.316, 541853
437, 4.8716, 0.332, 543097
438, 4.79801, 0.316, 544341
439, 4.94728, 0.321, 545585
440, 4.83727, 0.311, 546829
441, 4.72944, 0.313, 548073
442, 4.8837, 0.325, 549317
443, 4.57614, 0.286, 550561
444, 4.84295, 0.309, 551806
445, 4.65466, 0.311, 553050
446, 4.76241, 0.312, 554294
447, 4.67685, 0.303, 555538
448, 4.69236, 0.308, 556782
449, 4.63947, 0.294, 558026
450, 4.72825, 0.297, 559275
451, 4.81366, 0.312, 560529
452, 4.8274, 0.3, 561774
453, 4.78298, 0.305, 563018
454, 4.84855, 0.307, 564262
455, 4.74497, 0.295, 565506
456, 4.66765, 0.29, 566750
457, 4.48904, 0.291, 567995
458, 4.5568, 0.3, 569238
459, 4.65366, 0.3, 570483
460, 4.622, 0.305, 571727
461, 4.67074, 0.289, 572971
462, 4.78811, 0.293, 574215
463, 4.67958, 0.298, 575459
464, 4.81955, 0.301, 576704
465, 4.66692, 0.298, 577948
466, 4.70146, 0.304, 579192
467, 4.79811, 0.303, 580436
468, 4.77097, 0.307, 581680
469, 4.91042, 0.306, 582925
470, 4.77506, 0.297, 584169
471, 4.85354, 0.307, 585413
472, 4.60286, 0.292, 586657
473, 4.88778, 0.296, 587902
474, 4.66564, 0.312, 589146
475, 4.84069, 0.308, 590390
476, 4.88389, 0.301, 591634
477, 4.65935, 0.307, 592878
478, 4.62009, 0.306, 594122
479, 4.49384, 0.288, 595367
480, 4.72835, 0.295, 596611
481, 4.662, 0.302, 597854
482, 4.6579, 0.302, 599098
483, 4.70766, 0.29, 600343
484, 4.79515, 0.302, 601587
485, 4.59307, 0.297, 602831
486, 4.80312, 0.298, 604075
487, 4.55977, 0.299, 605319
488, 4.50827, 0.295, 606564
489, 4.62188, 0.301, 607808
490, 4.64472, 0.291, 609052
491, 4.71781, 0.307, 610296
492, 4.62668, 0.3, 611540
493, 4.80508, 0.299, 612784
494, 4.51973, 0.291, 614028
495, 4.64063, 0.3, 615272
496, 4.59684, 0.29, 616516
497, 4.57246, 0.301, 617760
498, 4.5878, 0.302, 619004
499, 4.62257, 0.29, 620249
500, 4.76632, 0.299, 621493
501, 4.66383, 0.286, 622737
502, 4.59551, 0.296, 623981
503, 4.5851, 0.301, 625225
504, 4.66946, 0.294, 626469
505, 4.47402, 0.284, 627713
506, 4.44007, 0.272, 628957
507, 4.53483, 0.289, 630201
508, 4.51999, 0.275, 631446
509, 4.72073, 0.284, 632690
510, 4.47576, 0.284, 633934
511, 4.63167, 0.295, 635178
512, 4.57086, 0.27, 636422
513, 4.43762, 0.294, 637667
514, 4.71184, 0.282, 638911
515, 4.63374, 0.279, 640155
516, 4.55185, 0.273, 641399
517, 4.61645, 0.281, 642643
518, 4.63304, 0.284, 643888
519, 4.56098, 0.27, 645132
520, 4.60895, 0.281, 646376
521, 4.60687, 0.286, 647620
522, 4.64983, 0.284, 648864
523, 4.65413, 0.287, 650108
524, 4.54985, 0.28, 651352
525, 4.61218, 0.281, 652597
526, 4.57917, 0.287, 653841
527, 4.67519, 0.289, 655085
528, 4.69188, 0.29, 656329
529, 4.59667, 0.282, 657573
530, 4.75354, 0.284, 658818
531, 4.59759, 0.274, 660062
532, 4.62054, 0.285, 661306
533, 4.74244, 0.296, 662550
534, 4.82271, 0.295, 663795
535, 4.75621, 0.287, 665039
536, 4.59688, 0.289, 666283
537, 4.83221, 0.299, 667527
538, 4.74974, 0.297, 668771
539, 4.58651, 0.305, 670016
540, 4.65237, 0.295, 671260
541, 4.64861, 0.288, 672504
542, 4.7669, 0.298, 673748
543, 4.65614, 0.288, 674993
544, 4.60513, 0.286, 676237
545, 4.82022, 0.301, 677481
546, 4.5984, 0.283, 678725
547, 4.65612, 0.274, 679970
548, 4.65526, 0.299, 681214
549, 4.72621, 0.296, 682459
550, 4.83237, 0.307, 683703
551, 4.50205, 0.285, 684947
552, 4.77915, 0.297, 686191
553, 4.70855, 0.294, 687435
554, 4.66836, 0.287, 688680
555, 4.82409, 0.296, 689924
556, 4.69303, 0.294, 691168
557, 4.87894, 0.302, 692412
558, 4.82397, 0.308, 693656
559, 4.69444, 0.29, 694900
560, 4.79294, 0.3, 696144
561, 4.78781, 0.296, 697389
562, 4.81635, 0.29, 698633
563, 4.7169, 0.293, 699877
564, 4.6475, 0.286, 701121
565, 4.7138, 0.291, 702366
566, 4.7778, 0.301, 703609
567, 4.77241, 0.295, 704854
568, 4.54002, 0.281, 706098
569, 4.67189, 0.301, 707342
570, 4.74331, 0.288, 708586
571, 4.51616, 0.28, 709830
572, 4.8435, 0.297, 711074
573, 4.5531, 0.291, 712319
574, 4.64984, 0.285, 713563
575, 4.72545, 0.287, 714807
576, 4.63708, 0.29, 716051
577, 4.64415, 0.288, 717295
578, 4.63649, 0.287, 718540
579, 4.77079, 0.284, 719784
580, 4.56077, 0.287, 721028
581, 4.58573, 0.279, 722272
582, 4.73725, 0.286, 723516
583, 4.77431, 0.296, 724761
584, 4.6752, 0.281, 726005
585, 4.71101, 0.289, 727249
586, 4.67835, 0.286, 728493
587, 4.45056, 0.273, 729737
588, 4.6074, 0.29, 730981
589, 4.64395, 0.301, 732225
590, 4.64867, 0.29, 733469
591, 4.78193, 0.289, 734714
592, 4.55827, 0.292, 735958
593, 4.57675, 0.281, 737202
594, 4.75942, 0.293, 738447
595, 4.74309, 0.305, 739691
596, 4.59422, 0.278, 740936
597, 4.55854, 0.286, 742180
598, 4.5558, 0.264, 743424
599, 4.50958, 0.272, 744668
600, 4.39257, 0.27, 745912
601, 4.52011, 0.27, 747157
602, 4.47912, 0.28, 748401
603, 4.52871, 0.289, 749645
604, 4.70025, 0.283, 750889
605, 4.47456, 0.28, 752133
606, 4.59834, 0.278, 753377
607, 4.53412, 0.278, 754622
608, 4.4789, 0.272, 755866
609, 4.61001, 0.278, 757110
610, 4.53792, 0.285, 758354
611, 4.5691, 0.28, 759598
612, 4.43319, 0.286, 760842
613, 4.53041, 0.283, 762086
614, 4.68911, 0.274, 763331
615, 4.70577, 0.283, 764575
616, 4.7028, 0.288, 765819
617, 4.4307, 0.277, 767063
618, 4.46214, 0.279, 768307
619, 4.67054, 0.281, 769551
620, 4.55059, 0.285, 770795
621, 4.62812, 0.278, 772039
622, 4.4321, 0.276, 773283
623, 4.51913, 0.273, 774527
624, 4.46596, 0.273, 775771
625, 4.49355, 0.271, 777015
626, 4.57515, 0.267, 778259
627, 4.49479, 0.276, 779504
628, 4.52545, 0.284, 780748
629, 4.67217, 0.282, 781992
630, 4.37497, 0.278, 783236
631, 4.51429, 0.271, 784480
632, 4.62883, 0.276, 785724
633, 4.3126, 0.281, 786968
634, 4.54041, 0.266, 788212
635, 4.43219, 0.265, 789456
636, 4.37306, 0.271, 790700
637, 4.6238, 0.289, 791944
638, 4.44773, 0.282, 793188
639, 4.40802, 0.275, 794432
640, 4.45831, 0.279, 795676
641, 4.49712, 0.273, 796921
642, 4.38787, 0.284, 798165
643, 4.3885, 0.278, 799410
644, 4.50807, 0.275, 800654
645, 4.45563, 0.267, 801899
646, 4.37159, 0.281, 803143
647, 4.56945, 0.282, 804387
648, 4.44835, 0.279, 805631
649, 4.51014, 0.286, 806875
650, 4.58065, 0.284, 808120
651, 4.42228, 0.275, 809364
652, 4.44197, 0.279, 810608
653, 4.34646, 0.276, 811853
654, 4.42709, 0.28, 813097
655, 4.59397, 0.277, 814342
656, 4.29263, 0.265, 815586
657, 4.46814, 0.274, 816830
658, 4.30459, 0.276, 818074
659, 4.40481, 0.271, 819318
660, 4.32833, 0.267, 820563
661, 4.46364, 0.265, 821807
662, 4.3374, 0.275, 823051
663, 4.34593, 0.272, 824295
664, 4.40034, 0.27, 825540
665, 4.48606, 0.271, 826784
666, 4.36335, 0.284, 828028
667, 4.60738, 0.281, 829272
668, 4.46574, 0.262, 830516
669, 4.38046, 0.271, 831761
670, 4.41429, 0.278, 833005
671, 4.47912, 0.269, 834249
672, 4.40544, 0.278, 835493
673, 4.43462, 0.267, 836737
674, 4.52716, 0.273, 837981
675, 4.43533, 0.263, 839225
676, 4.64717, 0.273, 840470
677, 4.38236, 0.261, 841714
678, 4.44427, 0.268, 842958
679, 4.46625, 0.262, 844202
680, 4.40915, 0.257, 845446
681, 4.40089, 0.265, 846690
682, 4.40855, 0.264, 847935
683, 4.44238, 0.262, 849179
684, 4.49335, 0.26, 850423
685, 4.45265, 0.265, 851667
686, 4.41223, 0.272, 852911
687, 4.17385, 0.259, 854155
688, 4.50438, 0.271, 855399
689, 4.29496, 0.256, 856643
690, 4.26852, 0.265, 857888
691, 4.29808, 0.252, 859132
692, 4.26462, 0.254, 860377
693, 4.32469, 0.25, 861620
694, 4.19788, 0.247, 862865
695, 4.31874, 0.263, 864109
696, 4.35177, 0.256, 865353
697, 4.27044, 0.245, 866597
698, 4.26017, 0.255, 867841
699, 4.21883, 0.25, 869086
700, 4.2333, 0.248, 870330
701, 4.21261, 0.257, 871574
702, 4.14776, 0.253, 872818
703, 4.23764, 0.244, 874062
704, 4.24319, 0.248, 875307
705, 4.18224, 0.244, 876551
706, 4.22214, 0.248, 877795
707, 4.30709, 0.262, 879039
708, 4.30488, 0.263, 880284
709, 4.44373, 0.267, 881528
710, 4.17665, 0.245, 882772
711, 4.24435, 0.246, 884017
712, 4.24891, 0.243, 885261
713, 4.2435, 0.247, 886505
714, 4.27313, 0.255, 887749
715, 4.26337, 0.26, 888993
716, 4.30656, 0.258, 890237
717, 4.3649, 0.253, 891482
718, 4.32281, 0.274, 892726
719, 4.37277, 0.264, 893970
720, 4.33207, 0.252, 895214
721, 4.16031, 0.251, 896459
722, 4.35309, 0.252, 897703
723, 4.34011, 0.245, 898947
724, 4.1598, 0.254, 900191
725, 4.32661, 0.25, 901435
726, 4.22421, 0.253, 902680
727, 4.17249, 0.25, 903924
728, 4.35704, 0.265, 905168
729, 4.3161, 0.264, 906412
730, 4.33696, 0.263, 907656
731, 4.31473, 0.258, 908901
732, 4.2354, 0.265, 910145
733, 4.24671, 0.26, 911389
734, 4.2258, 0.257, 912633
735, 4.16663, 0.266, 913877
736, 4.22007, 0.255, 915122
737, 4.26392, 0.254, 916366
738, 4.1381, 0.256, 917610
739, 4.3379, 0.257, 918854
740, 4.21071, 0.26, 920099
741, 4.33268, 0.264, 921343
742, 4.27991, 0.252, 922588
743, 4.23537, 0.255, 923832
744, 4.42114, 0.26, 925076
745, 4.14747, 0.269, 926320
746, 4.34985, 0.275, 927565
747, 4.21597, 0.249, 928809
748, 4.32726, 0.256, 930053
749, 4.27377, 0.257, 931297
750, 4.31094, 0.261, 932542
751, 4.35515, 0.269, 933786
752, 4.1546, 0.255, 935030
753, 4.16346, 0.246, 936274
754, 4.13816, 0.258, 937519
755, 4.23079, 0.259, 938763
756, 4.09027, 0.246, 940007
757, 4.18931, 0.254, 941251
758, 4.12709, 0.255, 942495
759, 4.08135, 0.247, 943739
760, 4.21649, 0.264, 944984
761, 4.01179, 0.259, 946228
762, 3.96788, 0.239, 947472
763, 3.91186, 0.246, 948716
764, 4.14078, 0.249, 949963
765, 4.17513, 0.255, 951210
766, 4.02566, 0.252, 952454
767, 4.14839, 0.254, 953699
768, 4.11453, 0.254, 954943
769, 4.20596, 0.262, 956187
770, 4.00506, 0.25, 957432
771, 4.1832, 0.259, 958676
772, 4.15335, 0.246, 959920
773, 4.14433, 0.255, 961164
774, 3.90367, 0.243, 962408
775, 4.04866, 0.246, 963652
776, 3.98181, 0.239, 964897
777, 4.11231, 0.246, 966141
778, 4.24172, 0.253, 967385
779, 4.28784, 0.239, 968629
780, 4.0899, 0.239, 969873
781, 4.13982, 0.251, 971117
782, 4.06634, 0.257, 972361
783, 4.13031, 0.255, 973606
784, 4.12814, 0.253, 974850
785, 4.36294, 0.26, 976094
786, 4.22259, 0.238, 977338
787, 4.2755, 0.259, 978582
788, 4.21388, 0.256, 979827
789, 4.16543, 0.253, 981071
790, 4.04991, 0.262, 982315
791, 4.14312, 0.256, 983559
792, 4.17383, 0.247, 984804
793, 4.09221, 0.241, 986048
794, 4.19739, 0.253, 987292
795, 4.08379, 0.246, 988536
796, 4.1527, 0.255, 989780
797, 4.17422, 0.255, 991025
798, 4.20206, 0.248, 992269
799, 4.117, 0.258, 993513
800, 4.25879, 0.256, 994757
801, 4.23978, 0.253, 996002
802, 4.13753, 0.249, 997246
803, 4.31866, 0.255, 998490
804, 4.16524, 0.254, 999734
805, 4.34715, 0.273, 1000979
806, 4.31145, 0.249, 1002223
807, 4.19772, 0.257, 1003467
808, 4.11586, 0.253, 1004712
809, 4.28377, 0.259, 1005956
810, 4.28959, 0.256, 1007200
811, 4.18383, 0.253, 1008444
812, 4.10436, 0.256, 1009688
813, 4.2623, 0.261, 1010933
814, 4.28637, 0.255, 1012177
815, 4.10542, 0.246, 1013421
816, 4.11452, 0.248, 1014666
817, 4.20562, 0.246, 1015910
818, 4.32284, 0.243, 1017154
819, 4.19526, 0.258, 1018398
820, 3.9752, 0.248, 1019642
821, 4.18977, 0.245, 1020887
822, 3.86587, 0.248, 1022131
823, 4.09105, 0.259, 1023375
824, 3.99065, 0.242, 1024619
825, 4.0497, 0.25, 1025863
826, 4.06464, 0.245, 1027107
827, 4.07056, 0.245, 1028352
828, 4.14088, 0.244, 1029595
829, 4.14892, 0.247, 1030840
830, 4.10571, 0.242, 1032084
831, 3.98615, 0.246, 1033328
832, 4.02722, 0.245, 1034572
833, 4.15507, 0.252, 1035816
834, 4.09052, 0.248, 1037061
835, 3.99834, 0.247, 1038305
836, 3.97749, 0.254, 1039565
837, 4.12075, 0.254, 1040810
838, 4.03991, 0.252, 1042054
839, 4.02105, 0.25, 1043298
840, 3.86792, 0.247, 1044543
841, 3.92837, 0.24, 1045787
842, 4.1535, 0.251, 1047031
843, 3.95526, 0.239, 1048275
844, 4.1375, 0.256, 1049519
845, 3.90093, 0.234, 1050763
846, 4.13616, 0.254, 1052011
847, 3.93197, 0.246, 1053255
848, 3.94888, 0.237, 1054500
849, 4.05362, 0.235, 1055744
850, 3.82549, 0.236, 1056988
851, 3.9204, 0.239, 1058233
852, 4.10195, 0.245, 1059477
853, 3.82833, 0.235, 1060721
854, 3.82073, 0.239, 1061965
855, 3.90206, 0.234, 1063209
856, 3.98459, 0.245, 1064453
857, 3.92357, 0.243, 1065698
858, 4.11904, 0.259, 1066942
859, 3.84779, 0.233, 1068186
860, 3.80136, 0.241, 1069430
861, 3.85989, 0.238, 1070674
862, 3.86057, 0.252, 1071919
863, 3.86497, 0.242, 1073163
864, 3.92251, 0.236, 1074407
865, 3.881, 0.244, 1075651
866, 4.01433, 0.249, 1076895
867, 3.937, 0.241, 1078139
868, 3.80794, 0.236, 1079383
869, 3.93043, 0.238, 1080627
870, 3.84849, 0.229, 1081872
871, 3.94979, 0.233, 1083116
872, 3.63629, 0.235, 1084360
873, 3.72587, 0.221, 1085604
874, 3.9862, 0.232, 1086848
875, 3.81459, 0.229, 1088092
876, 3.78238, 0.223, 1089336
877, 3.87049, 0.23, 1090580
878, 3.74952, 0.222, 1091825
879, 3.92824, 0.243, 1093069
880, 3.81699, 0.221, 1094313
881, 3.60891, 0.212, 1095557
882, 3.73425, 0.212, 1096801
883, 3.5094, 0.202, 1098045
884, 3.66849, 0.228, 1099291
885, 3.52654, 0.22, 1100535
886, 3.73691, 0.214, 1101779
887, 3.65516, 0.222, 1103023
888, 3.92025, 0.226, 1104267
889, 3.67391, 0.219, 1105511
890, 3.69874, 0.222, 1106755
891, 3.80537, 0.226, 1107999
892, 3.68248, 0.221, 1109243
893, 3.89037, 0.227, 1110488
894, 3.83402, 0.218, 1111732
895, 3.74534, 0.232, 1112976
896, 3.67408, 0.213, 1114220
897, 3.85356, 0.222, 1115464
898, 3.75635, 0.219, 1116709
899, 3.8404, 0.227, 1117953
900, 3.7676, 0.225, 1119197
901, 3.83236, 0.23, 1120441
902, 3.65801, 0.217, 1121685
903, 3.63711, 0.206, 1122929
904, 3.66996, 0.222, 1124173
905, 3.57577, 0.234, 1125417
906, 3.67355, 0.224, 1126661
907, 3.78707, 0.234, 1127905
908, 3.67429, 0.226, 1129149
909, 3.75817, 0.231, 1130393
910, 3.70083, 0.228, 1131637
911, 3.83882, 0.227, 1132882
912, 3.65181, 0.225, 1134126
913, 3.65711, 0.226, 1135370
914, 3.85969, 0.237, 1136614
915, 3.6313, 0.225, 1137858
916, 3.65452, 0.227, 1139102
917, 3.49005, 0.205, 1140346
918, 3.53761, 0.218, 1141590
919, 3.62823, 0.208, 1142834
920, 3.64746, 0.214, 1144078
921, 3.68786, 0.219, 1145323
922, 3.83939, 0.225, 1146567
923, 3.77915, 0.223, 1147811
924, 3.75058, 0.229, 1149055
925, 3.80207, 0.228, 1150299
926, 3.69143, 0.223, 1151543
927, 3.67074, 0.221, 1152788
928, 3.68304, 0.216, 1154032
929, 3.69397, 0.227, 1155276
930, 3.66488, 0.218, 1156520
931, 3.56883, 0.212, 1157765
932, 3.73598, 0.218, 1159009
933, 3.70592, 0.215, 1160255
934, 3.52327, 0.214, 1161499
935, 3.95455, 0.231, 1162743
936, 3.73873, 0.211, 1163987
937, 3.55788, 0.206, 1165231
938, 3.62967, 0.219, 1166476
939, 3.56549, 0.208, 1167720
940, 3.5766, 0.202, 1168964
941, 3.72432, 0.219, 1170209
942, 3.47148, 0.203, 1171453
943, 3.76476, 0.216, 1172697
944, 3.62096, 0.212, 1173942
945, 3.61555, 0.222, 1175186
946, 3.49981, 0.21, 1176430
947, 3.66223, 0.223, 1177674
948, 3.50319, 0.207, 1178919
949, 3.50862, 0.201, 1180163
950, 3.78086, 0.213, 1181407
951, 3.47459, 0.21, 1182651
952, 3.61705, 0.217, 1183896
953, 3.48205, 0.204, 1185140
954, 3.55696, 0.209, 1186384
955, 3.73637, 0.223, 1187628
956, 3.59305, 0.22, 1188873
957, 3.61714, 0.211, 1190117
958, 3.49836, 0.204, 1191361
959, 3.53439, 0.214, 1192605
960, 3.65277, 0.219, 1193850
961, 3.62153, 0.213, 1195094
962, 3.55087, 0.218, 1196338
963, 3.77652, 0.221, 1197582
964, 3.64861, 0.215, 1198827
965, 3.47682, 0.19, 1200071
966, 3.35968, 0.184, 1201315
967, 3.37985, 0.199, 1202559
968, 3.58796, 0.214, 1203804
969, 3.64677, 0.21, 1205048
970, 3.56511, 0.208, 1206292
971, 3.53055, 0.205, 1207537
972, 3.71461, 0.215, 1208781
973, 3.64146, 0.215, 1210025
974, 3.43799, 0.208, 1211269
975, 3.46301, 0.198, 1212514
976, 3.46176, 0.203, 1213758
977, 3.68861, 0.205, 1215002
978, 3.49248, 0.215, 1216246
979, 3.29569, 0.199, 1217490
980, 3.53861, 0.208, 1218735
981, 3.51166, 0.201, 1219980
982, 3.58869, 0.2, 1221224
983, 3.55499, 0.21, 1222469
984, 3.65158, 0.213, 1223713
985, 3.5389, 0.21, 1224957
986, 3.63395, 0.21, 1226201
987, 3.48643, 0.196, 1227446
988, 3.59004, 0.216, 1228690
989, 3.58464, 0.201, 1229934
990, 3.54608, 0.212, 1231178
991, 3.61873, 0.211, 1232423
992, 3.76119, 0.22, 1233667
993, 3.76838, 0.208, 1234911
994, 3.5025, 0.206, 1236156
995, 3.5351, 0.197, 1237400
996, 3.35724, 0.205, 1238644
997, 3.46029, 0.205, 1239888
998, 3.49196, 0.189, 1241133
999, 3.53277, 0.204, 1242377
1000, 3.6535, 0.216, 1243621
